000250801hr.jpg 9.154721e-02 1.291435e-01 7.793093e-01
000_N655P-e1491059261353.jpg 4.727354e-01 3.036422e-01 2.236223e-01
000_ND97E.jpg 5.678667e-01 2.837038e-01 1.484294e-01
000_Par7900188-635x357.jpg 1.966652e-01 5.781151e-01 2.252197e-01
00H2OZ-30744284.jpg 0 0 0
01112017protest3.jpg 4.782955e-01 3.060026e-01 2.157019e-01
026jan17-kjsdbf-30.jpg 2.855744e-01 4.882887e-01 2.261369e-01
02PROTEST-2-master768.jpg 3.844895e-01 3.378645e-01 2.776460e-01
03-the-edge-and-bono-of-u2-2016-iheartradio-fest-bb9-2017-billboard-1548.jpg 1.852052e-01 4.644121e-01 3.503827e-01
03Clinton-web1-master768.jpg 3.287437e-01 3.122481e-01 3.590083e-01
04-03-2017_01_may1_presser_32bjseiu-670x447.jpg 2.956006e-01 4.966969e-01 2.077026e-01
04-beyonce-jayz.w529.h529.jpg 2.292730e-01 1.464805e-01 6.242465e-01
042917 NRA Protests 029.JPG 5.306274e-01 3.308700e-01 1.385026e-01
05012017_promayday_174116-1020x709.jpg 4.045940e-01 4.205946e-01 1.748114e-01
05012017_westlakepromayday_175012-1020x728.jpg 3.532963e-01 3.269346e-01 3.197691e-01
0519-0908-0620-4302_group_of_people_at_a_congressional_picnic_on_the_south_lawn_of_the_white_house_o.jpg 2.153920e-01 2.799335e-01 5.046745e-01
06-1491032059.jpg 4.617741e-01 3.251315e-01 2.130944e-01
06_26-06-15.png 1.388381e-01 1.916537e-01 6.695082e-01
08bbdc5b37ca47d0975834576141a751.jpg 3.195467e-01 4.607020e-01 2.197513e-01
09ukraine2-blog480.jpg 4.508071e-01 2.746778e-01 2.745152e-01
0C0FC65A-676E-4079-8D26-43F10268D1F5_cx0_cy10_cw0_w1023_r1_s.jpg 3.528522e-01 4.509386e-01 1.962092e-01
0e5338b196e29ccf0d34477bf903e97f.jpg 3.155140e-01 3.624769e-01 3.220092e-01
1-008.jpg 2.021995e-01 2.606989e-01 5.371016e-01
1-009.jpg 1.975649e-01 3.423229e-01 4.601122e-01
1-012.jpg 1.268713e-01 2.823410e-01 5.907877e-01
10-donald-trump-obamacare-collapse.w710.h473.jpg 2.529228e-01 3.651062e-01 3.819710e-01
100826-F-6063W-010.JPG 1.126689e-01 6.374741e-01 2.498570e-01
1008981-image-1449942945-127-640x480.JPG 3.033217e-01 2.461753e-01 4.505030e-01
100_4706.jpg 1.043326e-01 2.307172e-01 6.649503e-01
1024x1024-00-2.jpg 4.550965e-01 3.477427e-01 1.971608e-01
1024x1024-003.jpg 3.651603e-01 3.119182e-01 3.229215e-01
1024x1024-004.jpg 4.114388e-01 2.813427e-01 3.072186e-01
1024x1024.jpg 5.383182e-01 2.411616e-01 2.205202e-01
10270086-low_res-happy-valley-series-2.jpg 3.520087e-01 4.441060e-01 2.038853e-01
104329337-GettyImages-632208828.530x298.jpg 3.628194e-01 4.779918e-01 1.591888e-01
1054298199.jpg 3.452501e-01 3.948676e-01 2.598823e-01
109247295-clinton-selfie-NEWS-small_trans_NvBQzQNjv4Bq5yQLQqeH37t50SCyM4-zeEbgHFEZVI1Pljic_pW9c90.jpg 2.689462e-01 3.373690e-01 3.936848e-01
10hungary-master768.jpg 2.989681e-01 3.724689e-01 3.285630e-01
10mohan3-inyt-master675.jpg 2.497982e-01 4.306492e-01 3.195526e-01
11.12.16_concert_emu.convocation.center_the.1975_0007.jpg 1.910487e-01 3.322867e-01 4.766646e-01
110517-F-3646G-1646.JPG 4.232730e-01 3.531433e-01 2.235837e-01
1162_photo.jpg 2.327989e-01 5.139394e-01 2.532617e-01
11722110_1152278944798564_3392952580607276464_o.jpg 7.179588e-02 1.001342e-01 8.280700e-01
1191554_Wallpaper2.jpg 5.498815e-01 2.613362e-01 1.887823e-01
12-06-07-picnic-group-photo-cs4.jpg 1.584875e-01 2.358076e-01 6.057049e-01
12-1421069580-jadavpur-university-protest3.jpg 6.681083e-01 1.962625e-01 1.356292e-01
12-angry-men-anniversary.jpg 2.418756e-01 5.687709e-01 1.893534e-01
120107-47.jpg 2.107935e-01 1.707272e-01 6.184793e-01
120501041524-mayday-09-horizontal-large-gallery.jpg 4.964152e-01 2.857829e-01 2.178019e-01
122611181.jpg 1.617610e-01 2.594349e-01 5.788040e-01
1238158-family-group-relaxing-outdoors-in-autumn-landscape.jpg 3.148970e-02 5.704976e-02 9.114605e-01
126901011.jpg 1.677423e-01 2.719029e-01 5.603548e-01
1280_kim_kardashian_north_obama_twitter.jpg 2.141540e-01 2.072633e-01 5.785827e-01
13193432-low_res-eastenders-april-june-2017.jpg 2.138430e-01 4.053889e-01 3.807681e-01
133705.png 7.031903e-02 2.982653e-01 6.314157e-01
13493-mexico-riot.jpg 4.588064e-01 3.025587e-01 2.386349e-01
1386595670_UPSC-aspirants.jpg 6.361429e-01 2.255005e-01 1.383566e-01
1390309629_AAP-protest.jpg 5.322531e-01 2.657968e-01 2.019501e-01
13govs-1-blog480.jpg 3.236118e-02 6.952969e-02 8.981091e-01
140321-F-DY859-080.JPG 2.278704e-01 6.137326e-01 1.583970e-01
140923-F-ZU869-024.JPG 3.185453e-02 8.236374e-02 8.857817e-01
14283697682_91f1498a61_b.jpg 1.405456e-01 1.647003e-01 6.947541e-01
14284910124_0666ace29d_b.jpg 1.234476e-01 5.021085e-02 8.263416e-01
14285201774_fabedd4c48_b.jpg 2.563433e-01 3.544132e-01 3.892435e-01
1438A509-560B-455C-A77E-959783B9FE39_w1023_s_s.jpg 5.553635e-01 2.844105e-01 1.602260e-01
1473490605.jpg 3.736036e-01 2.743662e-01 3.520302e-01
1493796102_5.jpg 3.416125e-01 3.644385e-01 2.939490e-01
1498437236_image.jpg 2.053151e-01 2.169221e-01 5.777629e-01
14995899605961ed48d67d1.jpg 1.705312e-01 4.289425e-01 4.005263e-01
14d326e9-60f9-42d0-a377-d0e99a29ea7c.jpg 5.563707e-01 2.784829e-01 1.651464e-01
14townhall1-master768.jpg 3.522462e-01 4.052337e-01 2.425201e-01
15-1363328802-1.jpg 4.950007e-01 3.333801e-01 1.716192e-01
150126084157-01-obama-india-0126-super-169.jpg 3.140384e-01 4.122104e-01 2.737511e-01
150213-F-IZ174-001.JPG 1.340710e-01 5.919373e-01 2.739917e-01
150607-F-CB366-211.JPG 2.465550e-01 4.724733e-01 2.809717e-01
151027-F-NE600-009.JPG 1.589263e-01 2.135009e-01 6.275728e-01
1513.jpg 3.984280e-01 2.961532e-01 3.054188e-01
15247912622_c9f225ebda_b.jpg 2.150060e-01 2.548310e-01 5.301630e-01
15495660881_aa7cec7530.jpg 3.492242e-01 4.589628e-01 1.918130e-01
1565078407_ba15a6f5bc_b.jpg 5.662733e-02 1.436348e-01 7.997379e-01
15fev2017---estudantes-protestam-pedindo-eleicoes-antecipadas-em-caracas-na-venezuela-1487197752416_956x500.jpg 5.816796e-01 2.765442e-01 1.417762e-01
160807-Z-PW099-001.jpg 2.263625e-01 4.759163e-01 2.977211e-01
161109170040-08-clinton-concession-speech-1109-exlarge-169.jpg 1.419053e-01 4.061445e-01 4.519502e-01
161111-missouri-trump-protest-feature.jpg 2.002495e-01 3.847093e-01 4.150412e-01
16406986_10102633710550014_7259475558613621243_n.jpg 1.312457e-01 1.508142e-01 7.179402e-01
1667276975.jpg 5.905357e-01 2.518692e-01 1.575951e-01
16999249-10155250398274448-5662713975774643077-n_orig.jpg 4.186268e-02 5.992113e-02 8.982162e-01
16corpsehotel-1-superJumbo.jpg 2.471680e-01 4.998676e-01 2.529644e-01
16corpsehotel-3-superJumbo.jpg 2.638071e-01 5.403515e-01 1.958414e-01
16d523b8e435c7aad9af0c89878c2f1cc618336b.jpg 3.049944e-01 4.323515e-01 2.626541e-01
17-convocation_july_2011.jpg 3.220496e-01 4.530181e-01 2.249323e-01
17-jadavpur-university-protest6.jpg 6.383836e-01 2.557211e-01 1.058953e-01
170121135655-womens-march-marseille-exlarge-169.jpg 3.846958e-01 3.158892e-01 2.994150e-01
170128162259-05-protest-at-jfk-0128-super-tease.jpg 5.161235e-01 2.947226e-01 1.891539e-01
170209-charles-oakley-game-feature.jpg 2.837706e-01 4.239794e-01 2.922501e-01
170211-N-DE005-002.JPG 1.940376e-01 2.725186e-01 5.334438e-01
170501-dorking-cock-roundabout-ackroyd-and-harvey-3.jpg 2.634542e-01 2.634925e-01 4.730533e-01
179939_0l2bxretv3xcz5wvv.JPG 1.532585e-01 2.990070e-01 5.477345e-01
17BILLCLINTONjp1-master768.jpg 1.987042e-01 3.888126e-01 4.124832e-01
1989-0600a06-Group-Picnic-NS.JPG 1.802175e-01 2.798312e-01 5.399512e-01
1997_Convocation.jpg 3.570781e-01 3.389432e-01 3.039787e-01
19985878_138352320079967_8630511351363534848_n.jpg 5.076323e-02 5.234563e-02 8.968911e-01
1_Group-photo-of-picnic.jpg 2.823952e-01 3.327778e-01 3.848270e-01
1__BDD9846_bestCMS_JPG_800x1000_q100.JPG 4.614790e-01 3.572962e-01 1.812248e-01
1_maxresdefault-005.jpg 3.833319e-01 3.774278e-01 2.392403e-01
1_sad.jpg 5.547235e-01 2.426229e-01 2.026536e-01
1a280bc1403b035157b08f59880645d1.jpg 2.391554e-01 3.797811e-01 3.810636e-01
1d91b45a06df43e7b7f78ea685b519ea.jpg 2.377687e-01 4.434672e-01 3.187641e-01
1f913f304d4265684fea960106d1132a_when-families-live-together_featuredImage.jpg 4.287170e-02 7.519978e-02 8.819285e-01
2-1486223738.jpg 3.614959e-01 2.831544e-01 3.553497e-01
2.5.15_potus_dreamers_resolute_desk.jpeg 1.824795e-01 3.843640e-01 4.331565e-01
2002-0900t11-Kickapoo-Group-NS.jpg 1.497240e-01 2.209481e-01 6.293279e-01
200280664-001-three-generation-family-sitting-at-a-gettyimages.jpg 1.805876e-01 2.305746e-01 5.888378e-01
20060328_convocation_Abhinav_group1.0.jpg 3.171327e-01 3.587416e-01 3.241257e-01
2011Fall_Convocation.jpg 6.509964e-02 1.231810e-01 8.117194e-01
2013_10_0.jpg 1.464541e-01 1.807605e-01 6.727854e-01
2014-03-18T233111Z_1418564207_GM1EA3J0KPJ01_RTRMADP_3_VENEZUELA-PROTESTS-899x600.jpg 2.854354e-01 3.342632e-01 3.803014e-01
2014-Church-Picnic-017.JPG 1.703450e-01 4.080244e-01 4.216305e-01
2015-05-23-12-56-21-crowd-1.jpg 3.537151e-01 3.976212e-01 2.486637e-01
20150626funeral-slide-W7GB-master1050.jpg 4.531531e-01 3.775383e-01 1.693085e-01
2015_4$largeimg03_Apr_2015_010836920.jpg 2.786697e-01 2.334616e-01 4.878687e-01
2016-05-24-law-convocation-lead_1.jpg 3.512948e-02 5.608567e-02 9.087849e-01
2016-family-getaway-464x358.jpg 3.514237e-02 1.141884e-01 8.506692e-01
20161008_173341.jpg 2.221693e-02 4.484616e-02 9.329369e-01
2016_0821_group_picnic.jpg 5.342078e-02 1.266774e-01 8.199019e-01
2016_Convocation_Spring.jpg 2.334461e-01 2.788325e-01 4.877214e-01
2017+CMT+Music+Awards+Backstage+Audience+qYdk4drRHpmx.jpg 2.559398e-01 4.517688e-01 2.922915e-01
2017-01-04t224055z_1_lynxmped03196_rtroptp_3_brazil-prison-riot.jpg_1689854194.jpg 5.135444e-01 3.042727e-01 1.821829e-01
2017-03-12T033533Z_1_LYNXMPED2B03L_RTROPTP_3_HAITI-PREVAL.jpg 2.777712e-01 4.617257e-01 2.605030e-01
2017-03-26T092956Z_182558631_RC16E645CC50_RTRMADP_3_RUSSIA-PROTESTS.jpg 4.958965e-01 2.757758e-01 2.283276e-01
2017-03-asia-philippines-photo-06.jpg 3.809155e-01 4.176855e-01 2.013990e-01
2017-04-10T103735Z_1_LYNXMPED390L7_RTROPTP_3_INDIA-KASHMIR.jpg 5.525660e-01 2.457589e-01 2.016751e-01
2017-05-01T191657Z_104903429_RC150E1FFCA0_RTRMADP_3_MAY-DAY-USA-PROTESTS.jpg 4.827121e-01 3.043731e-01 2.129148e-01
2017-05-02T131113Z_1_LYNXMPED410S7_RTROPTP_2_INDIA-PAKISTAN.JPG 4.272294e-01 3.115560e-01 2.612147e-01
2017-06-17_new_32115139_I1.JPG 3.495761e-01 4.343341e-01 2.160897e-01
2017-Stampede-Royalty-1.jpg 1.914545e-04 2.002112e-04 9.996084e-01
2017-Stampede-Royalty-2.jpg 3.813997e-04 4.516007e-04 9.991670e-01
20170128_115635.jpg 2.212097e-01 5.671599e-01 2.116305e-01
20170306_151622_resized.jpg 3.935335e-01 4.182005e-01 1.882661e-01
20170609_120322.jpg 1.532149e-01 2.414798e-01 6.053053e-01
2017A0119.jpg 2.007559e-01 2.990957e-01 5.001484e-01
2017May4_DSC_4070.jpg 3.150580e-01 4.351929e-01 2.497491e-01
2017_2$largeimg112_Feb_2017_193655327gallery.jpg 4.717995e-01 3.113486e-01 2.168520e-01
2017_4$largeimg28_Apr_2017_122418180.jpg 4.795853e-01 3.622640e-01 1.581507e-01
2017_Chad_Preschool_Iridimi_JRS_McPherson.jpg 2.297091e-01 4.527937e-01 3.174972e-01
21-1484906911.jpg 4.055374e-01 4.143236e-01 1.801390e-01
2174e0486a539d96740fc3abf8032de2.jpg 5.327637e-01 3.322315e-01 1.350048e-01
21UNBUTTONED1-WEB-master768.jpg 8.963890e-02 2.268773e-01 6.834838e-01
21clinton1-master768.jpg 2.236725e-01 4.552959e-01 3.210316e-01
234A4275.JPG 1.108914e-01 1.356075e-01 7.535010e-01
2395b_chinese_new_year_dinner_promotion_singapore_2013_W020121115643942185219-714864.jpg 1.223703e-01 2.479478e-01 6.296819e-01
23rohith3.jpg 4.186572e-01 3.632756e-01 2.180672e-01
2474_d047_00007_rv2_crop_s_-_embed_2017.jpg 1.939996e-01 5.921515e-01 2.138490e-01
2477_D010_00247_CROPV2.jpg_cmyk.jpg 2.293054e-01 4.835682e-01 2.871263e-01
24d49a8a7050117unionsquareantifatrumpfightgallery-5-jpg-mobile.jpeg 4.586323e-01 3.272553e-01 2.141124e-01
24walk2.jpg 3.787743e-01 4.036987e-01 2.175270e-01
25-1422165831-obama-michelle-modi-604.jpg 1.708824e-01 1.795854e-01 6.495322e-01
2623647402.jpg 7.224042e-02 1.894353e-01 7.383243e-01
26918316641_0cd8127037_b.jpg 3.653259e-01 4.775701e-01 1.571040e-01
26930852486_c1320c3321_o.jpg 2.696532e-01 4.292167e-01 3.011300e-01
26Grillo2-superJumbo.jpg 3.513655e-01 4.054855e-01 2.431490e-01
26Vatican-web-master768-v2.jpg 3.658821e-01 4.012670e-01 2.328508e-01
27181256590_ac7b4cbb38_z.jpg 8.180343e-02 8.780053e-02 8.303960e-01
27MAY17-PKG-PR-PTI-MPA-1500.jpg 4.109914e-01 3.979796e-01 1.910291e-01
27prabhas1.jpg 1.867512e-01 2.359334e-01 5.773154e-01
28_000_Was3750555.jpg 1.303980e-01 1.961965e-01 6.734055e-01
2951513599_629006d347.jpg 1.356263e-01 2.205416e-01 6.438322e-01
29_sld1.jpg 3.493334e-01 4.256471e-01 2.250195e-01
29mag-29daca-t_CA3-master1050.jpg 1.696172e-01 4.127709e-01 4.176119e-01
29modi-meets-ceos1.jpg 1.482511e-01 1.769577e-01 6.747912e-01
2F9C14C100000578-3374166-image-a-20_1451068601081.jpg 3.330433e-01 3.868687e-01 2.800880e-01
2ae5d2ff5e8641888fe81a0d210435c6_18.jpg 4.702983e-01 3.354201e-01 1.942815e-01
3.jpg 1.179576e-01 3.071133e-01 5.749291e-01
30VALLEY2-master768.jpg 2.807485e-01 3.615706e-01 3.576809e-01
314ab4de-40ab-4805-9fad-bdbfd3ac5114.jpg 2.743024e-01 3.372317e-01 3.884658e-01
3152D03500000578-3451725-image-a-9_1455752216213.jpg 6.185961e-01 2.217824e-01 1.596215e-01
32760699240_163860dcb4_b.jpg 2.923245e-02 4.979676e-02 9.209708e-01
32760812930_0a979ae340_b.jpg 1.514614e-01 2.075857e-01 6.409529e-01
3321436213_09c8c500c1_b.jpg 2.500769e-04 5.587167e-04 9.991912e-01
336177554-MIwinIPL_6.jpg 4.226275e-01 2.102096e-01 3.671629e-01
3372C75A00000578-0-image-m-25_1461350001695.jpg 1.154413e-01 1.276421e-01 7.569166e-01
356.jpg 1.512543e-01 8.595184e-02 7.627939e-01
36-NYUSPS-Grad-RadioCity-1999.jpg 1.719728e-01 2.510919e-01 5.769353e-01
36-convocation_july_2011.jpg 2.077825e-01 2.334235e-01 5.587939e-01
3607719211.jpg 2.877089e-01 4.834112e-01 2.288798e-01
3690581440001_5291784762001_image-1485015224745.jpg 4.395053e-01 3.796640e-01 1.808307e-01
3828795150_c398057af7_z.jpg 4.944873e-02 7.206195e-02 8.784893e-01
38650987_303.jpg 4.637084e-01 3.089204e-01 2.273712e-01
38985680_303.jpg 2.690484e-01 4.491083e-01 2.818433e-01
3CCF40EC00000578-4189578-image-a-43_1486155477355.jpg 2.845659e-01 3.987681e-01 3.166660e-01
3b3982cdc0864978d1ddda2ab1f6315e.jpg 3.401260e-01 4.509878e-01 2.088861e-01
3k5l1tk-1-640x426.jpg 8.585230e-02 2.381395e-01 6.760082e-01
4.jpg 3.382806e-01 4.095907e-01 2.521287e-01
404_11_03_54_Ek_Din_ka_Bagicha_garden_dedicated_to_people_H@@IGHT_661_W@@IDTH_990.jpg 3.423967e-01 3.718961e-01 2.857073e-01
417711-364493-1984-sikh-riot.jpg 5.106475e-01 2.788145e-01 2.105379e-01
42E2879D-35CB-4BE8-A403-71574571A0D9_w1023_r1_s.jpg 3.472276e-01 3.998723e-01 2.529002e-01
4331615770_2a00ea4a12_o.jpg 2.031819e-01 5.117431e-01 2.850751e-01
44b0004f109b4283b923f1037cf6e721_8.jpg 4.252815e-01 3.655400e-01 2.091785e-01
4532_1453011201_Sai-3.jpg 5.174400e-01 3.172678e-01 1.652922e-01
45c17db916d9735fb7bac037bf12ab3fe75e4746.jpg 2.228781e-01 2.290861e-01 5.480357e-01
45ff93-20170331-bring-the-sing-duluth-2017-33.jpg 2.545372e-01 4.611391e-01 2.843237e-01
494540_home_hero.jpg 1.341274e-01 1.397764e-01 7.260962e-01
512744054.jpg 9.213889e-02 2.332590e-01 6.746021e-01
514189555.jpg 2.763278e-01 4.091304e-01 3.145419e-01
532396-funeral-of-sir-arnold-clark-in-glasgow-on-april-19-2017.jpg 2.795464e-01 5.377497e-01 1.827039e-01
53736-xmiaviqoxe-1489671241.jpg 1.103554e-01 4.023095e-01 4.873351e-01
53924cc170b2a.image.jpg 1.627795e-01 1.904942e-01 6.467263e-01
539801-17ph-2017-01-17t144426z1937449562rc18b66d0e40rtrmadp3india-politics.jpg 2.857228e-01 3.881619e-01 3.261154e-01
547515-up-rahul-reuters.jpg 4.267015e-01 3.357121e-01 2.375864e-01
54eb31ef938ab_-_how-to-plan-a-family-reunion-mdn.jpg 8.773511e-02 1.710251e-01 7.412398e-01
550954-aisa-protest-ani.jpg 4.690323e-01 3.199267e-01 2.110409e-01
550e6e478db941eeb73aece5d1e3d913_18.jpg 6.649267e-01 1.684698e-01 1.666035e-01
553203-abvp3.jpg 5.451702e-01 2.711501e-01 1.836797e-01
556845-protest-031517.jpg 3.072546e-01 2.866166e-01 4.061289e-01
557330-jat-protest-031717.jpg 5.023122e-01 2.852907e-01 2.123971e-01
560fe60081b21dac461205f75cc9f6bb.jpg 2.984544e-01 4.033739e-01 2.981717e-01
572478-parents-protest-050617.jpg 3.902196e-01 3.655090e-01 2.442714e-01
5754_10208305674982862_8907582667511599708_n.jpg 1.404178e-01 1.201224e-01 7.394597e-01
577958-abvp4.jpg 6.502405e-01 2.004018e-01 1.493578e-01
579788-457542-exam-results.jpg 3.795299e-01 3.708055e-01 2.496647e-01
57b5f16b170000ae02c7405c.jpeg 2.449378e-01 3.991274e-01 3.559348e-01
58779876.jpg 4.508933e-01 3.042956e-01 2.448111e-01
58905582.jpg 2.450822e-01 2.056913e-01 5.492265e-01
589463main_201109150001hq5b15d_full.jpg 1.352311e-01 2.882231e-01 5.765457e-01
58c95d0ca8596.jpg 3.438463e-01 3.423046e-01 3.138491e-01
592169-gsebhscresults2017.jpg 1.499257e-01 1.310060e-01 7.190683e-01
59276225.jpg 3.799726e-01 3.308725e-01 2.891549e-01
59505948.jpg 1.573138e-01 5.457816e-01 2.969046e-01
59629a52d60c2.jpg 5.314377e-01 3.281937e-01 1.403686e-01
598522-cbse-1.jpg 2.454362e-01 2.010735e-01 5.534902e-01
600x400-student-group.jpg 1.008805e-01 1.303876e-01 7.687319e-01
60930010-850x510.jpg 3.297043e-01 4.351012e-01 2.351946e-01
612255_thump.jpg 3.377875e-01 4.338679e-01 2.283446e-01
61de861c-eaf2-4e0b-8acb-b693743ff8d5_20170309-BowmanCupTop.jpg 2.024246e-01 2.744826e-01 5.230928e-01
62.png 2.521648e-01 4.367544e-01 3.110808e-01
635667014172366740-MSUConvocation-2.jpg 3.329038e-01 2.650290e-01 4.020672e-01
640_Wowowin_2017_01_11_01_05_27.jpg 2.732226e-01 3.131408e-01 4.136366e-01
653582110-e1489609344607.jpg 5.511698e-01 2.683906e-01 1.804397e-01
665003303001_5050252507001_5050225984001-vs.jpg 4.879761e-01 3.474776e-01 1.645464e-01
665003303001_5338344441001_5338243172001-vs.jpg 4.352186e-01 3.305979e-01 2.341835e-01
67_main.1485707539.jpg 4.543668e-01 3.436833e-01 2.019499e-01
6860876699_6609551084_o.jpg 1.248883e-01 4.421116e-01 4.330001e-01
6a0120a5d7e374970c0133ecf8360a970b.jpg 1.117341e-01 2.596102e-01 6.286557e-01
6a93792e-ea12-4b2c-8fc9-40f029066d04.jpg 4.171048e-01 2.742508e-01 3.086444e-01
70758-Family-2017.png 6.258564e-02 1.132379e-01 8.241765e-01
7355bd9cb383492aa55c4884984dca67_18.jpg 4.773532e-01 3.114937e-01 2.111532e-01
7F10A9D4-1A71-4ECC-BF99-5942EAB4ACFD_w1023_s_s.jpg 3.045469e-01 4.688023e-01 2.266508e-01
7_1488097440.jpg 3.808089e-01 3.780227e-01 2.411684e-01
7b98e0bc8ee7d86c19ad0e7081dfa602.jpg 2.953166e-01 3.997639e-01 3.049195e-01
7e4dc99c12a04a7aa5fd522d500d46a4_18.jpg 4.692744e-01 3.070397e-01 2.236858e-01
7th-heaven-reunion.png 4.458599e-02 1.246539e-01 8.307601e-01
800.jpg 4.418245e-01 3.492882e-01 2.088873e-01
8023269553_55d1dd4244_z.jpg 7.510471e-02 9.723093e-02 8.276644e-01
81-atxl1.jpg 3.424276e-01 3.621173e-01 2.954551e-01
813878376.0.jpg 2.187435e-01 3.458127e-01 4.354439e-01
826999-AboutUs.png 5.585736e-02 7.362327e-02 8.705194e-01
849x493q70Kgalema-on-Kathy.jpg 3.353652e-01 4.223085e-01 2.423263e-01
8597372-3x2-940x627.jpg 2.221548e-01 4.790796e-01 2.987656e-01
85f62c5756e64e5c8bc5a153731fd8c0.jpg 7.299623e-02 1.657828e-01 7.612209e-01
88628833.jpg 4.274218e-01 3.381562e-01 2.344220e-01
8_A-group-snap.jpg 1.402475e-01 2.031369e-01 6.566156e-01
920x920-004.jpg 2.927965e-01 4.265692e-01 2.806343e-01
920x920.jpg 5.102453e-01 2.986235e-01 1.911312e-01
986692-BestFamily2017.jpg 4.863861e-02 1.368207e-01 8.145407e-01
9dcc5199-8c30-463e-b151-bb89fb0ecc7b.jpg 3.558158e-01 3.932867e-01 2.508976e-01
A888F8EB-78C7-4AA1-A4CD-0B50FA474FFE_cx0_cy7_cw0_w1023_r1_s.jpg 4.527761e-01 3.823259e-01 1.648980e-01
ABVP-AISA-clash-at-DU-over-JNU.jpg 5.342643e-01 2.665078e-01 1.992278e-01
AGM-2013-Audience.jpg 1.393979e-01 5.035878e-01 3.570142e-01
AP-may-day-protests-3-jt-170501_12x5_1600.jpg 5.005805e-01 2.688564e-01 2.305630e-01
AR-708309784.jpg 2.600852e-01 5.000451e-01 2.398697e-01
AZ_Oikocredit_La+Paz+-+Bolivia2014_468.jpg 4.158937e-01 2.366929e-01 3.474134e-01
Ahmed-Kathrada-funeral-6.jpg 2.537418e-01 4.419740e-01 3.042841e-01
Ahmed-Kathrada-funeral.jpg 2.476858e-01 4.754962e-01 2.768180e-01
Alan-Jackson-Mom-Ruth.jpg 7.796832e-02 3.025793e-01 6.194524e-01
April_2017.jpg 5.482022e-02 1.124879e-01 8.326919e-01
Audience members peruse the graduation booklet.jpg 2.961140e-01 4.675954e-01 2.362906e-01
Australia_-_Ireland_15-11-2006-1.jpg 3.399761e-01 4.065090e-01 2.535150e-01
BLT-Picnic_8-22-15-13.jpg 1.486035e-01 1.731601e-01 6.782365e-01
Balod-Chhattisgarh.jpg 3.562382e-01 3.832457e-01 2.605160e-01
Bangladesh_May_Day_S.jpg 5.869427e-01 2.166626e-01 1.963947e-01
Beggars-Bush-1.jpg 1.292788e-01 1.984160e-01 6.723052e-01
Bhadravati.jpg 4.841026e-01 3.279172e-01 1.879802e-01
Bihar-police_Social_Reuter.jpg 5.160236e-01 3.579328e-01 1.260436e-01
BowyDaYL.jpg 1.324543e-01 3.360148e-01 5.315309e-01
BwFsqjdCIAEIMhk.jpg 3.173479e-01 4.162931e-01 2.663590e-01
C4sivdNW8AIzD9e.jpg 3.566444e-01 4.314191e-01 2.119366e-01
CK5A0602_v4.jpg 1.911676e-01 4.004305e-01 4.084019e-01
COLLINS-Richard-Collins-III-casket-being-taken-out-church-by-Travis-Riddick-5-26-2017.jpg 4.502953e-01 3.372050e-01 2.124997e-01
CP3TxSaUYAAIcrQ.jpg 6.839926e-03 9.744025e-03 9.834160e-01
Caracas-demostrators.jpg 4.789059e-01 3.211747e-01 1.999193e-01
Cast_&_Crew_Premiere_of_The_Lost_City_of_Z_at_Zoo_Palast_Berlinale_2017_02.jpg 1.892141e-01 3.488748e-01 4.619112e-01
Chesnut Family_full.jpeg 1.990119e-01 2.961669e-01 5.048212e-01
Christian_Bale,_Natalie_Portman,_Melissa_Leo_and_Colin_Firth_2011.jpg 8.723067e-02 1.645063e-01 7.482630e-01
Coalville_-_Proms_in_the_Park_2016_(14).JPG 1.444302e-01 2.343771e-01 6.211928e-01
Conference_attendees_(15217234587).jpg 1.941542e-01 5.156939e-01 2.901519e-01
Cong-protest-6_20170118_600_855.jpg 3.452040e-01 3.866859e-01 2.681101e-01
Cong-protest_20170602_350_630.jpg 4.729358e-01 3.350772e-01 1.919870e-01
Crichton-reunion-SPN.jpg 1.299454e-01 5.061952e-01 3.638593e-01
DAUrF7KXgAIWax2-696x464.jpg 3.678040e-01 3.732815e-01 2.589144e-01
DNDi-AMR-meeting.jpg 1.856197e-01 3.131585e-01 5.012218e-01
DSC01503-1.jpg 2.562036e-01 3.958912e-01 3.479051e-01
DSC03858.jpg 9.796711e-02 2.210176e-01 6.810152e-01
DSC_0007.jpg 4.684507e-01 3.588555e-01 1.726938e-01
DSC_5778.jpg 3.223965e-01 3.806340e-01 2.969695e-01
DSC_9018.jpg 2.172485e-01 4.551142e-01 3.276374e-01
DTBK_News_38th-Anniversary-of-the-Victory-of-the-Islamic-Revolution-in-Iran-442x276.jpg 1.348111e-01 2.955655e-01 5.696234e-01
Dalit-women-protest.jpg 4.480967e-01 2.902778e-01 2.616255e-01
Dxc1oCACSEW3jxldYWYmZ75NbZ3AYFvV.jpg 2.300674e-01 4.733123e-01 2.966203e-01
EPA2399489_Articolo.jpg 6.123495e-01 2.060393e-01 1.816112e-01
EV2017_GE_MR089.jpg 2.347294e-01 4.184384e-01 3.468322e-01
East_Coast_OP_Sponsors_Hope_In_Motion_Prosthetic_Support_Group-8-of-9.jpg 6.912531e-02 1.371256e-01 7.937491e-01
Egypt-Church-Bombing1.jpg 5.360823e-01 2.500896e-01 2.138281e-01
Family get together, Lane Cove Nat Park, 1989.jpg 1.783933e-01 3.173687e-01 5.042380e-01
Family-Reunion.jpg 0 0 0
FastandtheFurious6J.jpg 4.689832e-01 3.955757e-01 1.354412e-01
Feature-Picnic-Group-1-520x245.jpg 1.583990e-01 2.620751e-01 5.795259e-01
File-Jul-11-10-23-53-AM.jpeg 7.695110e-02 7.406200e-02 8.489869e-01
Former-Campers...Current-staff.jpg 1.689506e-01 2.518505e-01 5.791989e-01
France-Paris-election-riots-Marine-Le-Pen-Emmanuel-Macron-910107.jpg 3.440133e-01 3.771559e-01 2.788307e-01
Funeral-Pastor.jpg 3.100383e-01 3.800641e-01 3.098976e-01
Future-Islands-by-Tom-Hines-1-low-res.jpg 2.220221e-01 5.592261e-01 2.187517e-01
G8-chiefs-Laurel-Cabin-patio.jpg 3.031827e-01 5.179163e-01 1.789010e-01
G8_Summit_working_session_on_global_and_economic_issues_May_19,_2012.jpg 2.111126e-01 5.097244e-01 2.791630e-01
GFG10BR34.5-1.jpg 2.718266e-02 5.034540e-02 9.224719e-01
GL-IPL-2017-cheerleaders.jpg 4.312058e-02 6.925097e-02 8.876285e-01
GMH101399691_hd.jpg 2.511615e-01 5.522543e-01 1.965842e-01
GTY-womens-march-philadelphia-jt-170121_4x3_992.jpg 4.525412e-01 3.366146e-01 2.108441e-01
GettyImages-104304702-58b464db3df78cdcd80e53aa.jpg 3.195426e-01 4.256444e-01 2.548130e-01
GettyImages-682916922-1200x628.jpg 2.937428e-01 3.904455e-01 3.158116e-01
Gobble-collage_3788-webcopy.jpg 3.823706e-02 7.877398e-02 8.829890e-01
Great-softball-with-Okotoks-On-Deck-just-steps-away-from-Riverbend-Campground-Okotoks1.jpg 2.265993e-01 2.519680e-01 5.214327e-01
Group-photo.jpg 2.597974e-01 3.207204e-01 4.194823e-01
Group-shot-Climate-Picnic-for-web.jpg 1.689452e-01 2.543578e-01 5.766969e-01
Group2.jpg 7.460186e-02 1.704534e-01 7.549448e-01
GroupOPT2.jpg 2.896458e-01 3.316145e-01 3.787397e-01
Gujarat-Ranji-celebration-PTI.jpg 2.905731e-01 2.360991e-01 4.733279e-01
Gujarat.jpg 6.123488e-01 2.429559e-01 1.446954e-01
H03_Sit_In.jpg 3.809739e-01 3.744322e-01 2.445939e-01
H16_Puerto_Rico_Student_Protest.jpg 4.699232e-01 3.199547e-01 2.101221e-01
HD-Family_featured.jpg 8.454384e-02 1.735654e-01 7.418908e-01
Happy_Birthday_VAS.jpg 9.523366e-02 1.479974e-01 7.567689e-01
Hasana-3.jpg 3.738755e-01 3.554516e-01 2.706729e-01
Hindu-Yuva-Vahini-Protest-against-Pakistan.jpg 4.722402e-01 3.166366e-01 2.111232e-01
Houston-JDRF-Promise-Ball-Havana-Nights-May-2017-Drew-Dougherty-Vita-Dougherty-Paige-Fass-Richard-Fass_084629.jpg 1.616616e-01 1.656627e-01 6.726757e-01
Hu_Jintao_and_Barack_Obama_2009.jpg 3.046514e-01 4.748912e-01 2.204573e-01
IDC-Planning-Meeting-Dec-17-2016-New-York.jpg 2.148656e-01 3.558702e-01 4.292642e-01
IMG_0114.jpg 1.484375e-01 3.071805e-01 5.443820e-01
IMG_20170222_120527.jpg 4.425139e-01 3.153986e-01 2.420876e-01
IMG_3271-GCAA-picnic-group-1024x658.jpg 2.652032e-01 3.223741e-01 4.124227e-01
IMG_3480.jpg 6.759329e-02 1.527876e-01 7.796191e-01
IMG_3488.jpg 1.483251e-01 3.287602e-01 5.229148e-01
IMG_3701-320x320.jpg 2.347328e-01 2.935323e-01 4.717348e-01
IMG_3709.jpg 4.197023e-01 2.515505e-01 3.287472e-01
IMG_3807.jpg 7.577237e-02 1.452719e-01 7.789558e-01
IMG_6614.jpg 2.183809e-01 2.535402e-01 5.280789e-01
IMG_6763.jpg 1.448992e-01 3.273249e-01 5.277758e-01
IMG_6766.jpg 1.490296e-01 3.173082e-01 5.336622e-01
IMG_6769.jpg 2.085004e-01 2.759591e-01 5.155405e-01
IMG_6960.JPG 2.102923e-01 3.639147e-01 4.257929e-01
IMG_7033-750x500.jpg 1.092851e-01 1.832013e-01 7.075136e-01
IMG_7051-750x500.jpg 1.219216e-01 2.265954e-01 6.514831e-01
IMG_7052-750x500.jpg 1.312965e-01 2.207835e-01 6.479201e-01
IMG_9205-1024x917.jpg 2.689791e-01 3.288702e-01 4.021507e-01
INDIA_-_0721_-_Proteste_Gujarat.jpg 5.760968e-01 2.342656e-01 1.896376e-01
ImageShufflerImage_10096582.jpg 7.289814e-02 9.033192e-02 8.367699e-01
InceptionCastPremiereJuly10.jpg 1.455053e-01 2.241171e-01 6.303776e-01
India-US-Bar-Shooting_sham-1-725x487.jpg 3.450569e-01 4.417626e-01 2.131805e-01
Indian-Ocean-Rim-2015.jpg 8.697015e-02 2.001174e-01 7.129124e-01
JNUabvp_B_190216.jpg 5.617977e-01 2.696142e-01 1.685881e-01
JS26624213-Medium.jpg 2.347458e-01 3.181162e-01 4.471380e-01
Jagapathi_Babu_with_Shruti_Haasan_at_Filmfare_Awards_2014.jpg 1.548743e-01 1.281179e-01 7.170078e-01
Jallikattu-Protest-Law-Tamil-Nadu.jpg 5.292781e-01 2.815103e-01 1.892115e-01
KZk8qtcysWMBAXKScsLzHAXaSxLVGW6p.jpg 1.968049e-01 6.184532e-01 1.847419e-01
Kajol_Family.jpg 1.640234e-01 2.482797e-01 5.876969e-01
Kalburgi.jpg 5.449891e-01 2.921558e-01 1.628551e-01
Kansas5.jpg 4.137282e-01 3.576608e-01 2.286110e-01
Karabo-13.jpg 4.338360e-01 4.070988e-01 1.590652e-01
Kashmir --621x414.jpg 5.671683e-01 2.846794e-01 1.481523e-01
Kodagu.jpeg 3.724657e-01 3.526902e-01 2.748441e-01
Kunu_Bej_being_felicitated_during_25th_Odisha_State_Film_Awards.jpg 2.300589e-01 4.625988e-01 3.073423e-01
LG001-boho-picnic-wedding-charlene-schreuder.jpg 2.344806e-01 2.778631e-01 4.876563e-01
LabPicnic2010-Group.jpg 2.382436e-01 2.636008e-01 4.981557e-01
Loba-at-cremation.jpg 2.653416e-01 4.572034e-01 2.774549e-01
Local-residents-protest-at-Sanand-Guj.jpg 4.287524e-01 3.149248e-01 2.563229e-01
Malayil+Gathering+2014-01.png 4.145886e-01 3.679842e-01 2.174272e-01
Marshall-family12-515x302.jpg 2.155081e-01 2.629905e-01 5.215013e-01
Meeting_of_the_BRICS_leaders_with_members_of_the_BRICS_Business_Council,_2016_(1).jpg 2.209025e-01 4.663628e-01 3.127346e-01
Missing-JNU-student-protest.jpg 3.845528e-01 3.605352e-01 2.549120e-01
Modi-7_20170110_600_855.jpg 2.672884e-01 4.358058e-01 2.969058e-01
Moriarity Picnic1983 pic 2 PH.jpg 2.039239e-01 2.677082e-01 5.283679e-01
NEET-klyF--621x414@LiveMint.jpg 5.035946e-01 3.224269e-01 1.739785e-01
Nurse-protest_20170110_600_855.jpg 4.203229e-01 2.767874e-01 3.028897e-01
Obama_and_Erdoan_speaking.jpg 3.110339e-01 4.573725e-01 2.315936e-01
P113011LJ-0131.jpg 3.859884e-01 4.468213e-01 1.671904e-01
PARAMJIT-SINGH-MATRY.png 5.673874e-01 3.091778e-01 1.234348e-01
PAY-Rotherham-United-v-Millwall-001.jpg 3.320860e-01 3.596786e-01 3.082354e-01
PAY-Rotherham-United-v-Millwall.jpg 3.303987e-01 4.075084e-01 2.620929e-01
PAY-Ugly-crowd-scenes.jpg 2.805462e-01 3.642671e-01 3.551867e-01
PFG05 Protesta News rk.jpg 4.208177e-01 2.674545e-01 3.117278e-01
PIC.13.-2019-AFCON-QUALIFIER-BETWEEN-SUPER-EAGLES-AND-BAFANA-BAFANA-IN-UYO.jpg 4.505207e-01 3.541837e-01 1.952956e-01
PROTEST-AT-AIRPORT-ROAD.jpg 5.151595e-01 3.066651e-01 1.781754e-01
PROTEST-DUMINICA-22-IANUARIE-2017-07_resize.jpg 4.281197e-01 4.074243e-01 1.644561e-01
PSX_20170324_145622.jpg 4.650828e-01 2.954489e-01 2.394683e-01
PTI10_15_2016_000063B.jpg 3.140767e-01 3.421770e-01 3.437463e-01
Pankaj Vohra- Delhi BJP.jpg 4.478415e-01 2.611639e-01 2.909946e-01
Pankaj_Jal_and_Ghasiram_Mishra_during_25th_Odisha_State_Film_Awards_02.jpg 2.481330e-01 4.498256e-01 3.020414e-01
Passing-of-the-Gavel-Photo.jpg 1.107929e-01 1.981030e-01 6.911041e-01
Patidar-youth-from-Keshod-Gujarat-welcome-Amit-Shah%E2%80%99s-cavalcade-with-eggs-696x389.jpg 2.738224e-01 3.047222e-01 4.214553e-01
Photo - Neighborhood group photo 5-20.JPG 1.617143e-01 3.498648e-01 4.884208e-01
Picnic+Group.jpg 3.419545e-01 3.179419e-01 3.401036e-01
Picnic-Group-Photo.jpg 1.273418e-01 1.797264e-01 6.929318e-01
Picnic-protest-targets-wo-014.jpg 1.827774e-01 2.729614e-01 5.442612e-01
PicnicGroup_w.jpg 1.462348e-01 1.765273e-01 6.772379e-01
PicnicPoint_2015a.JPG 9.182978e-02 1.479177e-01 7.602525e-01
Prime_Minister_Narendra_Modi_with_French_President_Franois_Hollande_at_the_G20_Summit.jpg 3.358451e-01 4.534725e-01 2.106824e-01
Priyanka_Chopra,_Ranbir_Kapoor,_Ileana_Dcruz_at_the_launch_of_'Barfi!'_promo_02.jpg 1.203779e-01 2.158648e-01 6.637574e-01
Protest-1487765300.jpg 5.651107e-01 2.774422e-01 1.574471e-01
Protest_20170110_600_855.jpg 5.477454e-01 2.856351e-01 1.666195e-01
Protesters-against-president-elect-Donald-Trump-march-peacefully-through-Oakland.jpg 3.265674e-01 3.127606e-01 3.606720e-01
Protests_in_Jantar_Mantar,_Delhi_against_the_ban_on_Jallikattu.jpg 3.797271e-01 3.740381e-01 2.462347e-01
Quirk_Picnic_Group.jpg 1.146545e-01 2.611175e-01 6.242281e-01
RT-NYPD-Police-Funeral-Family-MEM-170711_12x5_1600.jpg 4.327343e-01 3.666999e-01 2.005658e-01
RT-Otto-Warmbier-funeral-09-rc-170622_31x13_1600.jpg 3.657221e-01 4.097524e-01 2.245255e-01
Richardson+Picnic+Group+photo+1.aug2011.jpg 0 0 0
Rockingbirds-600x400.jpg 2.596250e-01 4.441381e-01 2.962369e-01
Royal_guards_from_1st_Infantry_Regiment_in_the_Royal_Funeral_of_Princess_Bejaratana_Rajasuda_(1).JPG 3.523063e-01 4.348971e-01 2.127966e-01
SC2-2017-venue-02.jpg 2.582949e-01 4.906067e-01 2.510984e-01
S_PRJFamilyd.jpg 1.085697e-01 2.174570e-01 6.739733e-01
Screen-Shot-2017-03-24-at-9.51.21-AM.png 5.241804e-02 6.669573e-02 8.808862e-01
Screen-Shot-2017-03-25-at-16.11.58-e1490535470223.png 3.190954e-01 3.890655e-01 2.918390e-01
Secretary_Kerry_Meets_With_King_Abdullah_II_Before_World_Economic_Forum_in_Jordan_(2).jpg 1.526860e-01 5.079890e-01 3.393250e-01
Shillong-Meghalaya-3.jpg 4.386837e-01 3.755106e-01 1.858057e-01
ShowImage.ashx.jpg 1.703862e-01 4.750538e-01 3.545600e-01
Shraddha_Kapoor_at_the_56th_Idea_Filmfare_Awards_2011.jpg 1.119126e-01 1.792564e-01 7.088309e-01
Silbiger_protests-2-1140x760.jpg 4.553637e-01 3.454062e-01 1.992302e-01
Soccer101IndirectFreeKick.jpg 3.919055e-01 2.893579e-01 3.187366e-01
Stakeholder_Dialog_Studenten_1col_Mailand_2017.jpg 3.358130e-01 4.084306e-01 2.557564e-01
State_funeral_of_2017_Tehran_attacks_victims_in_behind_of_the_Parliament_of_Iran_2017-06-09_04.jpg 4.282589e-01 3.677825e-01 2.039586e-01
Student-protest.png 6.025631e-01 2.637384e-01 1.336986e-01
TSWH-Pic.jpg 2.046839e-01 2.194445e-01 5.758716e-01
Toni-L.-SandysThe-Washington-Post-1024x693.jpg 7.156555e-01 1.696507e-01 1.146938e-01
Transformations_in_the_Arab_World_Panel_World_Economic_Forum_2013.jpg 2.314141e-01 4.915413e-01 2.770446e-01
Triple-Talaq-PTI-3.jpg 5.293862e-01 3.056624e-01 1.649514e-01
TrumpInaugurationProtest_012017_Web_01.jpg 4.584105e-01 3.411688e-01 2.004207e-01
TrumpInaugurationProtest_012017_Web_05.jpg 4.893792e-01 3.512658e-01 1.593550e-01
Turman-Smith-Sharon-large-family.jpg 6.071821e-02 1.169269e-01 8.223549e-01
Unhappy-People-004.jpg 2.558803e-01 4.910413e-01 2.530784e-01
Untitled56.jpg 1.729648e-01 3.011501e-01 5.258852e-01
VASH111-621_2017_221057_Super_Portrait.jpg 4.151787e-01 3.758662e-01 2.089551e-01
VENEZUELA-LEOPOLDO_LOPEZ_PROTESTA_SPANXAC101.jpg 4.537978e-01 2.818256e-01 2.643766e-01
Venezuela_Political_Crisis_51193-727x485.jpg 3.111619e-01 4.131275e-01 2.757106e-01
Vibrant-Gujarat-2017-Mahatma-Mandir.jpg 3.067954e-01 3.584274e-01 3.347772e-01
Visionaries-Picnic.jpg 5.182698e-02 1.260317e-01 8.221413e-01
Visita_a_Israel_para_el_Funeral_de_Estado_de_Shimon_Peres_29394201744.jpg 2.419215e-01 4.586348e-01 2.994436e-01
WWW_3.jpg 3.285283e-01 3.256754e-01 3.457963e-01
Wagner3.jpg 1.343902e-01 2.164625e-01 6.491472e-01
Web-2015-Convocation-Ceremony-1-xx.jpg 2.723493e-01 2.188998e-01 5.087509e-01
WhatsApp-Image-2017-01-05-at-3.02.19-PM.jpeg 3.480327e-01 3.839827e-01 2.679846e-01
WhatsApp-Image-2017-03-01-at-12.17.01-PM.jpeg 5.371524e-01 3.103978e-01 1.524498e-01
White-Family.jpg 1.944844e-01 2.918532e-01 5.136624e-01
Wikimedia_Diversity_Conference_2013_22.jpg 1.481407e-01 4.378312e-01 4.140281e-01
Xconomy_FredHutch_Cancer_Immunotherapy_2017_551.jpg 3.180028e-01 4.115710e-01 2.704261e-01
YapLeeHua-14.jpg 1.377139e-02 2.568250e-02 9.605461e-01
ZacBrownBand.jpg 3.095209e-01 3.951027e-01 2.953764e-01
_234322da-2ccd-11e7-b189-41b029cdb6ad.jpg 3.030242e-01 3.977528e-01 2.992229e-01
_34A5076aaaaaaaaaaaaaaa.jpg 2.053051e-01 2.428894e-01 5.518055e-01
_85199690_img_8328.jpg 3.775187e-01 3.103097e-01 3.121716e-01
_85574654_029083474-1.jpg 4.175102e-01 3.510289e-01 2.314609e-01
_90574579_mediaitem90574578.jpg 5.284226e-01 3.010296e-01 1.705478e-01
_92291916_obamaclinton.jpg 1.988453e-01 2.110124e-01 5.901424e-01
_93340241_mediaitem93340237.jpg 3.747410e-01 4.440077e-01 1.812513e-01
_93340244_mediaitem93340235.jpg 3.800473e-01 4.119951e-01 2.079576e-01
_93730762_037414978-1.jpg 3.988490e-01 3.324374e-01 2.687137e-01
_95377344_mediaitem95372087.jpg 4.087339e-01 3.718451e-01 2.194211e-01
_96006704_gettyimages-673109998-1.jpg 1.397874e-01 3.802140e-01 4.799986e-01
_ARL3893.jpg 6.715634e-01 2.146905e-01 1.137462e-01
__BDD9846_bestCMS_JPG_800x1000_q100.JPG 4.614790e-01 3.572962e-01 1.812248e-01
_f047ef6c-fd7b-11e6-a3af-7fa15638f741.JPG 3.764576e-01 3.816455e-01 2.418969e-01
_middle_120916VballvsOSU_15.jpg 0 0 0
a$_32.JPG 1.325143e-01 1.781571e-01 6.893286e-01
a61545dd46784f18a83e925534f90321_18.jpg 4.798571e-01 2.442349e-01 2.759080e-01
aap-naliya-gangrape-759.jpg 3.957048e-01 3.115712e-01 2.927240e-01
abvp-1490864283.png 5.026151e-01 3.184636e-01 1.789213e-01
abvp-activists-protest_cf314e34-fef4-11e6-97dc-08322d33dfd3.jpg 4.870609e-01 2.970400e-01 2.158990e-01
abvp_0f5d17f2-ff42-11e6-abb0-ce03674c2ba4.jpg 5.444219e-01 2.749981e-01 1.805800e-01
abvp_protest20140812_600_855.jpg 4.466633e-01 3.296363e-01 2.237004e-01
acting-class-555x705.jpg 2.719358e-01 3.794149e-01 3.486494e-01
actoras-funeral-crematorium-prodip-their-oshiwara-respects_b0bc5e7e-3bcd-11e7-8e2c-04c6be70fea0.JPG 4.528029e-01 3.736656e-01 1.735315e-01
aiciprotest8082.jpg.size.custom.crop.1086x723.jpg 4.782699e-01 3.006287e-01 2.211013e-01
angels-of-evil-02.jpg 2.599498e-01 4.999657e-01 2.400845e-01
ap_17042685774122-b7a047cf716710b4199778b1759af6d4c7756f7e-s900-c85.jpg 4.358062e-01 3.440791e-01 2.201146e-01
ap_17124489411198.jpg 3.203609e-01 3.476176e-01 3.320215e-01
ap_ap-photo1501.jpg 3.959316e-01 3.175728e-01 2.864957e-01
ap_hillary_clinton_ss_presidential_campaign_lpl_121024_9x7_1600.jpg 1.406502e-01 2.642216e-01 5.951282e-01
apistanislausHappy-Friendsgiving-fam-Thanks-to-everyone-who-came-out-Congrats-to-our-new-board-members.jpg 6.758946e-02 1.105041e-01 8.219064e-01
app=portal&sig=51bb5d0af651d7aec4a10085af72a45b1861319cd3f8649845ba7095250d4d73.jpg 3.135964e-01 4.337743e-01 2.526293e-01
article-2707754-200B094000000578-129_634x427.jpg 3.546879e-01 4.379206e-01 2.073915e-01
attrocities-on-Dalit-Reu.jpg 5.802169e-01 2.636626e-01 1.561205e-01
b52614fc61c32656c15cddbc8ea41f23.jpg 5.150334e-01 3.140132e-01 1.709534e-01
b91547ee1ac7b175a84966936997739b.jpg 3.109436e-01 4.797729e-01 2.092835e-01
banner.jpg 3.443229e-03 4.193877e-03 9.923629e-01
bansal-murder-1484303219.jpg 4.418330e-01 4.027429e-01 1.554241e-01
bb2.jpg 1.107592e-01 2.503102e-01 6.389307e-01
beating-froome-team-sky-2017-tour-de-france.jpg 4.468936e-01 3.229426e-01 2.301638e-01
belarus_protest_2017_ok.jpg 5.036213e-01 3.488804e-01 1.474982e-01
bharuch-759.jpg 4.628556e-01 3.119557e-01 2.251887e-01
bijnor-1491998946.jpg 4.993163e-01 3.172042e-01 1.834795e-01
bill-clinton-hillary-clinton-house-clinton-finished-c-r.jpg 1.350191e-01 2.289363e-01 6.360446e-01
bill-hillary-clinton.jpg 1.137132e-01 5.915370e-01 2.947498e-01
bollywood-actor-ranjeet-poet-gulzar-filmmaker-subhash-ghai-actor-picture-id674277358.jpg 2.867121e-01 5.310981e-01 1.821898e-01
broken-social-scene-reunion-album-new-update.png 2.515066e-01 3.575841e-01 3.909093e-01
burma-families.jpg.size.custom.crop.1086x724.jpg 4.231450e-01 3.032609e-01 2.735941e-01
c21527.jpg 2.134065e-01 5.305066e-01 2.560869e-01
c45d322937b0a5c0215791f263b8126d5060783ca3.jpg 3.154249e-01 4.860758e-01 1.984993e-01
c70caf24-9251-4c93-ab22-ede49a6e3f0d.jpg 6.024146e-01 2.580007e-01 1.395847e-01
calgary-gaza-protest.jpg 5.533365e-01 2.865157e-01 1.601477e-01
cct-berktrump-0305-06.jpg 3.898695e-01 3.733503e-01 2.367802e-01
cct-berktrump-0305-19.jpg 4.747475e-01 3.769331e-01 1.483195e-01
chandigarh-cremation-cremation-chandigarh-allegedly-hindustan-members_9b888bda-0ec4-11e7-9152-693fb265b0f1.jpg 2.856082e-01 4.326072e-01 2.817846e-01
chandigarh-february-february-student-hindustan-university-chandigarh_cbb7f820-fd0a-11e6-905d-7be79ae01fbf.JPG 6.127233e-01 2.545457e-01 1.327309e-01
chandigarh-university-hindustan-students-chandigarh-february-students_17bc9f94-fcfe-11e6-905d-7be79ae01fbf.JPG 4.541767e-01 3.581154e-01 1.877079e-01
chandigarh-university-hindustan-students-chandigarh-february-students_fa8d1da0-fd79-11e6-a3af-7fa15638f741.JPG 5.079788e-01 3.362920e-01 1.557291e-01
chandigarh-wednesday-cremation-cremation-chandigarh-hindustan-ceremony_f973f5ec-feaf-11e6-a3af-7fa15638f741.JPG 3.217950e-01 4.384529e-01 2.397521e-01
charlie-murphy-funeral-4.jpg 1.120103e-01 1.321323e-01 7.558574e-01
chelsea-handler-charlize-theron-womens-march-2017-billboard-1548.jpg 2.071685e-01 2.164897e-01 5.763418e-01
childchilrenexcitedinclassarticlehr16.jpg 1.624161e-01 3.578280e-01 4.797559e-01
climate_protest_trump_cc.jpg 2.774559e-01 4.307334e-01 2.918106e-01
coffee-get-together-1.jpg 5.959383e-02 7.205620e-02 8.683500e-01
cosplay_picnic_group_photo_2_by_tomoyo_hime.jpg 2.104722e-01 2.363362e-01 5.531916e-01
cosplay_picnic_group_shot_by_kellyjane.jpg 0 0 0
cover4_072816112433.jpg 4.235006e-01 3.664331e-01 2.100664e-01
cq5dam.web.400.400.jpeg 1.560256e-01 2.463420e-01 5.976324e-01
cricket-ct-2017-ind-sri_2781188c-4ce1-11e7-942b-1b07039b2a8c.jpg 6.066018e-01 2.754267e-01 1.179715e-01
cropped-Picnic-Group.jpg 9.840727e-02 1.428250e-01 7.587677e-01
d3b3799d6611d677944f5f86a500beb3_L.jpg 1.970833e-01 3.666105e-01 4.363062e-01
d7ea903b24244ee0.jpg 3.248415e-01 4.414963e-01 2.336622e-01
dalit+arrest-002.jpg 3.119014e-01 3.985751e-01 2.895235e-01
dalitinside220716mb_072216065908.jpg 5.074689e-01 3.335457e-01 1.589854e-01
dalits-protest.jpg 6.613354e-01 2.120327e-01 1.266319e-01
dalits11.jpg 4.413528e-01 2.822156e-01 2.764315e-01
dannyandthechampions-420x260.jpg 3.243269e-01 3.777196e-01 2.979535e-01
dc-Cover-9r6oh7m4dmbgigd4amp3i0ipp2-20160816195008.Medi.jpeg 5.762989e-01 2.759548e-01 1.477463e-01
dc_happy_3__large.jpg 1.796712e-01 2.864498e-01 5.338790e-01
