000250801hr.jpg 9.325132e-02 1.356049e-01 7.711438e-01
000_N655P-e1491059261353.jpg 5.646874e-01 2.431874e-01 1.921252e-01
000_ND97E.jpg 6.865245e-01 2.123982e-01 1.010774e-01
000_Par7900188-635x357.jpg 2.337802e-01 6.318042e-01 1.344156e-01
00H2OZ-30744284.jpg 0 0 0
01112017protest3.jpg 5.239916e-01 2.780412e-01 1.979672e-01
026jan17-kjsdbf-30.jpg 3.440754e-01 4.759173e-01 1.800073e-01
02PROTEST-2-master768.jpg 4.702196e-01 2.909656e-01 2.388148e-01
03-the-edge-and-bono-of-u2-2016-iheartradio-fest-bb9-2017-billboard-1548.jpg 1.632514e-01 5.016726e-01 3.350760e-01
03Clinton-web1-master768.jpg 3.989481e-01 2.763908e-01 3.246611e-01
04-03-2017_01_may1_presser_32bjseiu-670x447.jpg 3.130156e-01 5.504700e-01 1.365144e-01
04-beyonce-jayz.w529.h529.jpg 1.767313e-01 1.882338e-01 6.350350e-01
042917 NRA Protests 029.JPG 6.909397e-01 2.357386e-01 7.332166e-02
05012017_promayday_174116-1020x709.jpg 4.391536e-01 4.403539e-01 1.204925e-01
05012017_westlakepromayday_175012-1020x728.jpg 4.464763e-01 2.889210e-01 2.646028e-01
0519-0908-0620-4302_group_of_people_at_a_congressional_picnic_on_the_south_lawn_of_the_white_house_o.jpg 2.529395e-01 2.800206e-01 4.670399e-01
06-1491032059.jpg 5.932413e-01 2.665832e-01 1.401755e-01
06_26-06-15.png 1.521512e-01 1.972432e-01 6.506056e-01
08bbdc5b37ca47d0975834576141a751.jpg 4.065152e-01 4.730680e-01 1.204167e-01
09ukraine2-blog480.jpg 5.282160e-01 2.743588e-01 1.974252e-01
0C0FC65A-676E-4079-8D26-43F10268D1F5_cx0_cy10_cw0_w1023_r1_s.jpg 4.477699e-01 4.326595e-01 1.195706e-01
0e5338b196e29ccf0d34477bf903e97f.jpg 3.606285e-01 3.474047e-01 2.919668e-01
1-008.jpg 2.389162e-01 2.681163e-01 4.929675e-01
1-009.jpg 2.332316e-01 3.707411e-01 3.960272e-01
1-012.jpg 1.295596e-01 2.923645e-01 5.780759e-01
10-donald-trump-obamacare-collapse.w710.h473.jpg 2.965884e-01 3.807902e-01 3.226214e-01
100826-F-6063W-010.JPG 1.447078e-01 7.192900e-01 1.360023e-01
1008981-image-1449942945-127-640x480.JPG 4.070714e-01 2.122356e-01 3.806930e-01
100_4706.jpg 1.038612e-01 2.116110e-01 6.845277e-01
1024x1024-00-2.jpg 5.493497e-01 2.982685e-01 1.523818e-01
1024x1024-003.jpg 4.381246e-01 2.761535e-01 2.857219e-01
1024x1024-004.jpg 4.228064e-01 2.672486e-01 3.099449e-01
1024x1024.jpg 5.999307e-01 2.195553e-01 1.805141e-01
10270086-low_res-happy-valley-series-2.jpg 4.344408e-01 4.495337e-01 1.160255e-01
104329337-GettyImages-632208828.530x298.jpg 4.329693e-01 4.793357e-01 8.769494e-02
1054298199.jpg 4.200179e-01 3.929934e-01 1.869886e-01
109247295-clinton-selfie-NEWS-small_trans_NvBQzQNjv4Bq5yQLQqeH37t50SCyM4-zeEbgHFEZVI1Pljic_pW9c90.jpg 3.613413e-01 3.054063e-01 3.332523e-01
10hungary-master768.jpg 3.583136e-01 3.324604e-01 3.092259e-01
10mohan3-inyt-master675.jpg 2.465844e-01 4.064541e-01 3.469615e-01
11.12.16_concert_emu.convocation.center_the.1975_0007.jpg 2.425141e-01 3.357587e-01 4.217272e-01
110517-F-3646G-1646.JPG 4.764128e-01 3.311337e-01 1.924536e-01
1162_photo.jpg 3.371867e-01 5.331348e-01 1.296785e-01
11722110_1152278944798564_3392952580607276464_o.jpg 6.549676e-02 1.000051e-01 8.344982e-01
1191554_Wallpaper2.jpg 6.985244e-01 1.797023e-01 1.217733e-01
12-06-07-picnic-group-photo-cs4.jpg 1.520276e-01 2.378583e-01 6.101142e-01
12-1421069580-jadavpur-university-protest3.jpg 8.533884e-01 1.016633e-01 4.494830e-02
12-angry-men-anniversary.jpg 3.573331e-01 5.628974e-01 7.976954e-02
120107-47.jpg 2.054111e-01 1.681225e-01 6.264664e-01
120501041524-mayday-09-horizontal-large-gallery.jpg 6.253946e-01 2.199301e-01 1.546753e-01
122611181.jpg 1.255324e-01 2.462937e-01 6.281738e-01
1238158-family-group-relaxing-outdoors-in-autumn-landscape.jpg 5.422125e-02 1.079783e-01 8.378004e-01
126901011.jpg 1.630091e-01 2.927417e-01 5.442492e-01
1280_kim_kardashian_north_obama_twitter.jpg 1.947362e-01 1.779200e-01 6.273438e-01
13193432-low_res-eastenders-april-june-2017.jpg 2.682810e-01 4.431750e-01 2.885440e-01
133705.png 7.017934e-02 3.458409e-01 5.839798e-01
13493-mexico-riot.jpg 5.369648e-01 2.762625e-01 1.867728e-01
1386595670_UPSC-aspirants.jpg 7.822703e-01 1.590098e-01 5.871988e-02
1390309629_AAP-protest.jpg 7.070537e-01 1.882072e-01 1.047391e-01
13govs-1-blog480.jpg 2.205911e-02 6.722933e-02 9.107115e-01
140321-F-DY859-080.JPG 2.671549e-01 6.754470e-01 5.739813e-02
140923-F-ZU869-024.JPG 2.897009e-02 8.445970e-02 8.865702e-01
14283697682_91f1498a61_b.jpg 1.045390e-01 1.558312e-01 7.396298e-01
14284910124_0666ace29d_b.jpg 1.309514e-01 5.008265e-02 8.189659e-01
14285201774_fabedd4c48_b.jpg 3.040309e-01 3.735402e-01 3.224289e-01
1438A509-560B-455C-A77E-959783B9FE39_w1023_s_s.jpg 7.006970e-01 1.956492e-01 1.036538e-01
1473490605.jpg 4.556785e-01 2.375612e-01 3.067603e-01
1493796102_5.jpg 3.803278e-01 4.061653e-01 2.135069e-01
1498437236_image.jpg 1.947137e-01 2.008327e-01 6.044536e-01
14995899605961ed48d67d1.jpg 2.003765e-01 4.576704e-01 3.419531e-01
14d326e9-60f9-42d0-a377-d0e99a29ea7c.jpg 6.726277e-01 2.130537e-01 1.143186e-01
14townhall1-master768.jpg 3.861450e-01 3.821546e-01 2.317004e-01
15-1363328802-1.jpg 6.308214e-01 2.661622e-01 1.030164e-01
150126084157-01-obama-india-0126-super-169.jpg 3.754088e-01 3.958062e-01 2.287851e-01
150213-F-IZ174-001.JPG 1.727008e-01 6.422278e-01 1.850715e-01
150607-F-CB366-211.JPG 2.905303e-01 5.157272e-01 1.937424e-01
151027-F-NE600-009.JPG 1.412385e-01 2.144428e-01 6.443187e-01
1513.jpg 4.254656e-01 2.647364e-01 3.097981e-01
15247912622_c9f225ebda_b.jpg 1.769422e-01 2.305067e-01 5.925512e-01
15495660881_aa7cec7530.jpg 4.068947e-01 4.525529e-01 1.405524e-01
1565078407_ba15a6f5bc_b.jpg 4.296684e-02 1.232783e-01 8.337548e-01
15fev2017---estudantes-protestam-pedindo-eleicoes-antecipadas-em-caracas-na-venezuela-1487197752416_956x500.jpg 7.298868e-01 1.878419e-01 8.227124e-02
160807-Z-PW099-001.jpg 2.746106e-01 5.260336e-01 1.993559e-01
161109170040-08-clinton-concession-speech-1109-exlarge-169.jpg 1.568005e-01 4.300570e-01 4.131425e-01
161111-missouri-trump-protest-feature.jpg 2.099934e-01 4.023163e-01 3.876903e-01
16406986_10102633710550014_7259475558613621243_n.jpg 1.240211e-01 1.376175e-01 7.383614e-01
1667276975.jpg 7.787711e-01 1.615063e-01 5.972260e-02
16999249-10155250398274448-5662713975774643077-n_orig.jpg 5.165780e-02 6.332444e-02 8.850178e-01
16corpsehotel-1-superJumbo.jpg 3.170040e-01 5.419359e-01 1.410601e-01
16corpsehotel-3-superJumbo.jpg 3.544318e-01 5.608227e-01 8.474552e-02
16d523b8e435c7aad9af0c89878c2f1cc618336b.jpg 3.655732e-01 4.695380e-01 1.648888e-01
17-convocation_july_2011.jpg 3.920428e-01 4.545809e-01 1.533763e-01
17-jadavpur-university-protest6.jpg 7.925790e-01 1.625111e-01 4.490990e-02
170121135655-womens-march-marseille-exlarge-169.jpg 4.757137e-01 2.684663e-01 2.558200e-01
170128162259-05-protest-at-jfk-0128-super-tease.jpg 6.403895e-01 2.313073e-01 1.283032e-01
170209-charles-oakley-game-feature.jpg 3.469980e-01 4.158769e-01 2.371251e-01
170211-N-DE005-002.JPG 1.333315e-01 2.405978e-01 6.260708e-01
170501-dorking-cock-roundabout-ackroyd-and-harvey-3.jpg 2.345022e-01 2.929485e-01 4.725493e-01
179939_0l2bxretv3xcz5wvv.JPG 1.574923e-01 2.611149e-01 5.813927e-01
17BILLCLINTONjp1-master768.jpg 2.300001e-01 3.990424e-01 3.709574e-01
1989-0600a06-Group-Picnic-NS.JPG 2.038371e-01 2.766464e-01 5.195165e-01
1997_Convocation.jpg 4.039971e-01 3.145236e-01 2.814793e-01
19985878_138352320079967_8630511351363534848_n.jpg 3.486461e-02 4.841291e-02 9.167225e-01
1_Group-photo-of-picnic.jpg 3.057932e-01 3.020422e-01 3.921645e-01
1__BDD9846_bestCMS_JPG_800x1000_q100.JPG 6.115554e-01 2.909595e-01 9.748505e-02
1_maxresdefault-005.jpg 4.257052e-01 3.689236e-01 2.053712e-01
1_sad.jpg 6.181692e-01 1.909626e-01 1.908682e-01
1a280bc1403b035157b08f59880645d1.jpg 2.457810e-01 3.630080e-01 3.912110e-01
1d91b45a06df43e7b7f78ea685b519ea.jpg 2.990106e-01 4.515576e-01 2.494317e-01
1f913f304d4265684fea960106d1132a_when-families-live-together_featuredImage.jpg 4.478416e-02 7.997034e-02 8.752455e-01
2-1486223738.jpg 4.308101e-01 2.499632e-01 3.192267e-01
2.5.15_potus_dreamers_resolute_desk.jpeg 1.742244e-01 4.124735e-01 4.133021e-01
2002-0900t11-Kickapoo-Group-NS.jpg 1.322641e-01 1.969843e-01 6.707515e-01
200280664-001-three-generation-family-sitting-at-a-gettyimages.jpg 1.527893e-01 2.214621e-01 6.257487e-01
20060328_convocation_Abhinav_group1.0.jpg 3.248609e-01 3.446937e-01 3.304455e-01
2011Fall_Convocation.jpg 5.050854e-02 1.213579e-01 8.281336e-01
2013_10_0.jpg 1.505201e-01 1.622683e-01 6.872116e-01
2014-03-18T233111Z_1418564207_GM1EA3J0KPJ01_RTRMADP_3_VENEZUELA-PROTESTS-899x600.jpg 3.405382e-01 2.824558e-01 3.770060e-01
2014-Church-Picnic-017.JPG 1.716020e-01 4.124900e-01 4.159079e-01
2015-05-23-12-56-21-crowd-1.jpg 4.261817e-01 3.811836e-01 1.926346e-01
20150626funeral-slide-W7GB-master1050.jpg 5.706396e-01 3.327428e-01 9.661764e-02
2015_4$largeimg03_Apr_2015_010836920.jpg 2.891239e-01 2.065859e-01 5.042902e-01
2016-05-24-law-convocation-lead_1.jpg 2.114742e-02 5.367106e-02 9.251815e-01
2016-family-getaway-464x358.jpg 2.313384e-02 1.015049e-01 8.753613e-01
20161008_173341.jpg 2.564069e-02 5.877765e-02 9.155816e-01
2016_0821_group_picnic.jpg 6.065968e-02 1.486244e-01 7.907159e-01
2016_Convocation_Spring.jpg 2.697120e-01 2.731725e-01 4.571154e-01
2017+CMT+Music+Awards+Backstage+Audience+qYdk4drRHpmx.jpg 3.656394e-01 4.724637e-01 1.618970e-01
2017-01-04t224055z_1_lynxmped03196_rtroptp_3_brazil-prison-riot.jpg_1689854194.jpg 6.118476e-01 2.333285e-01 1.548239e-01
2017-03-12T033533Z_1_LYNXMPED2B03L_RTROPTP_3_HAITI-PREVAL.jpg 3.502398e-01 4.868044e-01 1.629558e-01
2017-03-26T092956Z_182558631_RC16E645CC50_RTRMADP_3_RUSSIA-PROTESTS.jpg 6.244287e-01 2.197555e-01 1.558158e-01
2017-03-asia-philippines-photo-06.jpg 5.384053e-01 3.629401e-01 9.865457e-02
2017-04-10T103735Z_1_LYNXMPED390L7_RTROPTP_3_INDIA-KASHMIR.jpg 6.880407e-01 1.794975e-01 1.324618e-01
2017-05-01T191657Z_104903429_RC150E1FFCA0_RTRMADP_3_MAY-DAY-USA-PROTESTS.jpg 5.861677e-01 2.590366e-01 1.547957e-01
2017-05-02T131113Z_1_LYNXMPED410S7_RTROPTP_2_INDIA-PAKISTAN.JPG 5.395788e-01 2.802064e-01 1.802148e-01
2017-06-17_new_32115139_I1.JPG 3.711707e-01 4.622293e-01 1.666000e-01
2017-Stampede-Royalty-1.jpg 4.088161e-03 6.980654e-03 9.889312e-01
2017-Stampede-Royalty-2.jpg 6.003217e-04 1.522798e-03 9.978769e-01
20170128_115635.jpg 3.006417e-01 5.953577e-01 1.040006e-01
20170306_151622_resized.jpg 5.197142e-01 3.791085e-01 1.011774e-01
20170609_120322.jpg 1.324207e-01 2.158507e-01 6.517286e-01
2017A0119.jpg 2.298130e-01 3.107108e-01 4.594763e-01
2017May4_DSC_4070.jpg 3.656334e-01 4.230176e-01 2.113490e-01
2017_2$largeimg112_Feb_2017_193655327gallery.jpg 4.907084e-01 3.022395e-01 2.070521e-01
2017_4$largeimg28_Apr_2017_122418180.jpg 6.343694e-01 2.922596e-01 7.337094e-02
2017_Chad_Preschool_Iridimi_JRS_McPherson.jpg 2.371525e-01 4.792105e-01 2.836371e-01
21-1484906911.jpg 4.855731e-01 3.773967e-01 1.370302e-01
2174e0486a539d96740fc3abf8032de2.jpg 6.777503e-01 2.487596e-01 7.349007e-02
21UNBUTTONED1-WEB-master768.jpg 7.096549e-02 2.313918e-01 6.976427e-01
21clinton1-master768.jpg 2.380670e-01 4.729548e-01 2.889783e-01
234A4275.JPG 1.230041e-01 1.273111e-01 7.496848e-01
2395b_chinese_new_year_dinner_promotion_singapore_2013_W020121115643942185219-714864.jpg 1.233561e-01 2.464698e-01 6.301741e-01
23rohith3.jpg 5.406816e-01 3.090959e-01 1.502225e-01
2474_d047_00007_rv2_crop_s_-_embed_2017.jpg 2.035028e-01 6.682333e-01 1.282638e-01
2477_D010_00247_CROPV2.jpg_cmyk.jpg 2.749564e-01 5.787013e-01 1.463423e-01
24d49a8a7050117unionsquareantifatrumpfightgallery-5-jpg-mobile.jpeg 5.975192e-01 2.553081e-01 1.471727e-01
24walk2.jpg 4.709891e-01 3.602084e-01 1.688025e-01
25-1422165831-obama-michelle-modi-604.jpg 1.650511e-01 1.869598e-01 6.479892e-01
2623647402.jpg 6.593551e-02 1.903785e-01 7.436860e-01
26918316641_0cd8127037_b.jpg 3.788373e-01 5.471857e-01 7.397698e-02
26930852486_c1320c3321_o.jpg 2.934594e-01 4.880124e-01 2.185282e-01
26Grillo2-superJumbo.jpg 4.574639e-01 3.766051e-01 1.659310e-01
26Vatican-web-master768-v2.jpg 4.487434e-01 3.694472e-01 1.818094e-01
27181256590_ac7b4cbb38_z.jpg 6.063271e-02 1.006998e-01 8.386675e-01
27MAY17-PKG-PR-PTI-MPA-1500.jpg 5.212956e-01 3.554883e-01 1.232162e-01
27prabhas1.jpg 1.311259e-01 1.797790e-01 6.890952e-01
28_000_Was3750555.jpg 1.125352e-01 1.864924e-01 7.009724e-01
2951513599_629006d347.jpg 1.204507e-01 2.038989e-01 6.756504e-01
29_sld1.jpg 3.724371e-01 4.204444e-01 2.071186e-01
29mag-29daca-t_CA3-master1050.jpg 2.101425e-01 4.554586e-01 3.343989e-01
29modi-meets-ceos1.jpg 1.419101e-01 1.567601e-01 7.013299e-01
2F9C14C100000578-3374166-image-a-20_1451068601081.jpg 4.139074e-01 3.378954e-01 2.481972e-01
2ae5d2ff5e8641888fe81a0d210435c6_18.jpg 5.652427e-01 2.775941e-01 1.571633e-01
3.jpg 1.232111e-01 3.099046e-01 5.668842e-01
30VALLEY2-master768.jpg 3.419335e-01 3.296470e-01 3.284194e-01
314ab4de-40ab-4805-9fad-bdbfd3ac5114.jpg 3.375898e-01 3.187118e-01 3.436984e-01
3152D03500000578-3451725-image-a-9_1455752216213.jpg 7.249168e-01 1.742799e-01 1.008033e-01
32760699240_163860dcb4_b.jpg 3.687520e-02 7.281129e-02 8.903135e-01
32760812930_0a979ae340_b.jpg 1.697234e-01 2.423706e-01 5.879061e-01
3321436213_09c8c500c1_b.jpg 1.294420e-03 5.061859e-03 9.936437e-01
336177554-MIwinIPL_6.jpg 5.268879e-01 1.592306e-01 3.138815e-01
3372C75A00000578-0-image-m-25_1461350001695.jpg 1.111295e-01 1.578776e-01 7.309929e-01
356.jpg 1.804594e-01 1.105892e-01 7.089515e-01
36-NYUSPS-Grad-RadioCity-1999.jpg 1.392092e-01 2.272587e-01 6.335320e-01
36-convocation_july_2011.jpg 2.003516e-01 2.369822e-01 5.626662e-01
3607719211.jpg 3.892947e-01 4.468886e-01 1.638167e-01
3690581440001_5291784762001_image-1485015224745.jpg 5.589462e-01 3.325457e-01 1.085081e-01
3828795150_c398057af7_z.jpg 2.330127e-02 5.171483e-02 9.249839e-01
38650987_303.jpg 5.769034e-01 2.458472e-01 1.772494e-01
38985680_303.jpg 3.402577e-01 4.602979e-01 1.994444e-01
3CCF40EC00000578-4189578-image-a-43_1486155477355.jpg 3.281932e-01 4.009844e-01 2.708224e-01
3b3982cdc0864978d1ddda2ab1f6315e.jpg 4.358353e-01 4.615242e-01 1.026405e-01
3k5l1tk-1-640x426.jpg 7.511455e-02 2.741750e-01 6.507105e-01
4.jpg 3.937626e-01 4.012614e-01 2.049760e-01
404_11_03_54_Ek_Din_ka_Bagicha_garden_dedicated_to_people_H@@IGHT_661_W@@IDTH_990.jpg 3.266213e-01 3.805819e-01 2.927968e-01
417711-364493-1984-sikh-riot.jpg 6.153303e-01 2.458928e-01 1.387768e-01
42E2879D-35CB-4BE8-A403-71574571A0D9_w1023_r1_s.jpg 4.309199e-01 3.894433e-01 1.796369e-01
4331615770_2a00ea4a12_o.jpg 2.444791e-01 5.377466e-01 2.177743e-01
44b0004f109b4283b923f1037cf6e721_8.jpg 5.507956e-01 3.097156e-01 1.394888e-01
4532_1453011201_Sai-3.jpg 6.494946e-01 2.234079e-01 1.270975e-01
45c17db916d9735fb7bac037bf12ab3fe75e4746.jpg 2.600748e-01 2.141033e-01 5.258219e-01
45ff93-20170331-bring-the-sing-duluth-2017-33.jpg 3.229721e-01 4.825056e-01 1.945223e-01
494540_home_hero.jpg 8.956721e-02 1.173303e-01 7.931025e-01
512744054.jpg 9.262325e-02 2.492691e-01 6.581076e-01
514189555.jpg 2.953781e-01 4.244524e-01 2.801695e-01
532396-funeral-of-sir-arnold-clark-in-glasgow-on-april-19-2017.jpg 3.790691e-01 5.331493e-01 8.778156e-02
53736-xmiaviqoxe-1489671241.jpg 1.171367e-01 4.191378e-01 4.637255e-01
53924cc170b2a.image.jpg 1.172907e-01 1.685033e-01 7.142061e-01
539801-17ph-2017-01-17t144426z1937449562rc18b66d0e40rtrmadp3india-politics.jpg 3.154501e-01 3.681885e-01 3.163614e-01
547515-up-rahul-reuters.jpg 5.162570e-01 2.553300e-01 2.284130e-01
54eb31ef938ab_-_how-to-plan-a-family-reunion-mdn.jpg 4.019746e-02 1.324087e-01 8.273939e-01
550954-aisa-protest-ani.jpg 6.273063e-01 2.385360e-01 1.341577e-01
550e6e478db941eeb73aece5d1e3d913_18.jpg 8.505427e-01 7.788526e-02 7.157207e-02
553203-abvp3.jpg 7.107158e-01 1.825912e-01 1.066930e-01
556845-protest-031517.jpg 4.027467e-01 2.846266e-01 3.126268e-01
557330-jat-protest-031717.jpg 7.035860e-01 1.994929e-01 9.692110e-02
560fe60081b21dac461205f75cc9f6bb.jpg 3.910867e-01 3.942541e-01 2.146593e-01
572478-parents-protest-050617.jpg 4.346736e-01 3.378981e-01 2.274282e-01
5754_10208305674982862_8907582667511599708_n.jpg 1.313142e-01 1.491484e-01 7.195374e-01
577958-abvp4.jpg 7.814564e-01 1.437839e-01 7.475970e-02
579788-457542-exam-results.jpg 4.590665e-01 3.334654e-01 2.074680e-01
57b5f16b170000ae02c7405c.jpeg 2.447722e-01 4.113574e-01 3.438704e-01
58779876.jpg 5.884429e-01 2.468811e-01 1.646760e-01
58905582.jpg 2.470208e-01 1.864960e-01 5.664832e-01
589463main_201109150001hq5b15d_full.jpg 9.280037e-02 2.611467e-01 6.460530e-01
58c95d0ca8596.jpg 4.075059e-01 3.281357e-01 2.643584e-01
592169-gsebhscresults2017.jpg 1.481375e-01 9.988734e-02 7.519752e-01
59276225.jpg 4.456555e-01 3.281914e-01 2.261531e-01
59505948.jpg 1.950492e-01 6.276226e-01 1.773281e-01
59629a52d60c2.jpg 6.992226e-01 2.225431e-01 7.823426e-02
598522-cbse-1.jpg 2.723780e-01 1.919188e-01 5.357032e-01
600x400-student-group.jpg 8.833454e-02 1.214736e-01 7.901919e-01
60930010-850x510.jpg 4.396087e-01 3.989529e-01 1.614384e-01
612255_thump.jpg 4.141073e-01 4.161894e-01 1.697034e-01
61de861c-eaf2-4e0b-8acb-b693743ff8d5_20170309-BowmanCupTop.jpg 2.134666e-01 2.388716e-01 5.476618e-01
62.png 3.915202e-01 4.401992e-01 1.682806e-01
635667014172366740-MSUConvocation-2.jpg 3.795369e-01 2.418752e-01 3.785879e-01
640_Wowowin_2017_01_11_01_05_27.jpg 2.822979e-01 2.786489e-01 4.390532e-01
653582110-e1489609344607.jpg 6.687901e-01 2.285075e-01 1.027024e-01
665003303001_5050252507001_5050225984001-vs.jpg 5.581909e-01 3.162247e-01 1.255844e-01
665003303001_5338344441001_5338243172001-vs.jpg 4.567310e-01 3.146811e-01 2.285878e-01
67_main.1485707539.jpg 6.491919e-01 2.561207e-01 9.468741e-02
6860876699_6609551084_o.jpg 1.780901e-01 5.207745e-01 3.011353e-01
6a0120a5d7e374970c0133ecf8360a970b.jpg 1.221540e-01 2.458677e-01 6.319783e-01
6a93792e-ea12-4b2c-8fc9-40f029066d04.jpg 5.164946e-01 2.203729e-01 2.631324e-01
70758-Family-2017.png 4.042793e-02 9.310997e-02 8.664621e-01
7355bd9cb383492aa55c4884984dca67_18.jpg 6.092220e-01 2.287877e-01 1.619904e-01
7F10A9D4-1A71-4ECC-BF99-5942EAB4ACFD_w1023_s_s.jpg 3.642832e-01 4.714249e-01 1.642918e-01
7_1488097440.jpg 4.626451e-01 3.519445e-01 1.854103e-01
7b98e0bc8ee7d86c19ad0e7081dfa602.jpg 3.836355e-01 3.989951e-01 2.173694e-01
7e4dc99c12a04a7aa5fd522d500d46a4_18.jpg 6.127869e-01 2.573627e-01 1.298504e-01
7th-heaven-reunion.png 3.127283e-02 1.171612e-01 8.515660e-01
800.jpg 5.721812e-01 3.027217e-01 1.250971e-01
8023269553_55d1dd4244_z.jpg 4.836621e-02 8.791536e-02 8.637185e-01
81-atxl1.jpg 3.888457e-01 3.744747e-01 2.366796e-01
813878376.0.jpg 2.659583e-01 3.601778e-01 3.738639e-01
826999-AboutUs.png 6.102864e-02 9.719156e-02 8.417798e-01
849x493q70Kgalema-on-Kathy.jpg 4.249425e-01 4.207635e-01 1.542940e-01
8597372-3x2-940x627.jpg 3.043779e-01 5.305144e-01 1.651078e-01
85f62c5756e64e5c8bc5a153731fd8c0.jpg 5.722978e-02 1.633572e-01 7.794130e-01
88628833.jpg 5.516943e-01 2.813828e-01 1.669229e-01
8_A-group-snap.jpg 1.372526e-01 1.815635e-01 6.811838e-01
920x920-004.jpg 3.757939e-01 4.282291e-01 1.959770e-01
920x920.jpg 6.055331e-01 2.467702e-01 1.476967e-01
986692-BestFamily2017.jpg 6.959279e-02 1.555024e-01 7.749048e-01
9dcc5199-8c30-463e-b151-bb89fb0ecc7b.jpg 4.469189e-01 3.664088e-01 1.866723e-01
A888F8EB-78C7-4AA1-A4CD-0B50FA474FFE_cx0_cy7_cw0_w1023_r1_s.jpg 5.975876e-01 3.032238e-01 9.918865e-02
ABVP-AISA-clash-at-DU-over-JNU.jpg 6.283433e-01 2.342930e-01 1.373637e-01
AGM-2013-Audience.jpg 1.735227e-01 5.266484e-01 2.998289e-01
AP-may-day-protests-3-jt-170501_12x5_1600.jpg 6.086692e-01 2.064022e-01 1.849286e-01
AR-708309784.jpg 3.107190e-01 5.365466e-01 1.527343e-01
AZ_Oikocredit_La+Paz+-+Bolivia2014_468.jpg 5.406159e-01 1.635121e-01 2.958720e-01
Ahmed-Kathrada-funeral-6.jpg 2.845622e-01 4.577473e-01 2.576906e-01
Ahmed-Kathrada-funeral.jpg 2.888924e-01 5.082388e-01 2.028688e-01
Alan-Jackson-Mom-Ruth.jpg 8.484782e-02 3.407641e-01 5.743880e-01
April_2017.jpg 6.094126e-02 1.314150e-01 8.076438e-01
Audience members peruse the graduation booklet.jpg 3.150184e-01 4.722252e-01 2.127564e-01
Australia_-_Ireland_15-11-2006-1.jpg 3.853196e-01 4.064158e-01 2.082647e-01
BLT-Picnic_8-22-15-13.jpg 1.321276e-01 1.426204e-01 7.252519e-01
Balod-Chhattisgarh.jpg 4.753759e-01 3.517708e-01 1.728533e-01
Bangladesh_May_Day_S.jpg 6.716730e-01 1.622638e-01 1.660631e-01
Beggars-Bush-1.jpg 1.010275e-01 1.769336e-01 7.220389e-01
Bhadravati.jpg 5.973927e-01 2.843651e-01 1.182422e-01
Bihar-police_Social_Reuter.jpg 5.954776e-01 3.487965e-01 5.572593e-02
BowyDaYL.jpg 1.333179e-01 3.310770e-01 5.356051e-01
BwFsqjdCIAEIMhk.jpg 3.326009e-01 4.619856e-01 2.054135e-01
C4sivdNW8AIzD9e.jpg 3.953358e-01 4.055768e-01 1.990874e-01
CK5A0602_v4.jpg 2.830970e-01 4.231926e-01 2.937104e-01
COLLINS-Richard-Collins-III-casket-being-taken-out-church-by-Travis-Riddick-5-26-2017.jpg 5.425584e-01 3.023514e-01 1.550902e-01
CP3TxSaUYAAIcrQ.jpg 4.637985e-03 1.262497e-02 9.827370e-01
Caracas-demostrators.jpg 5.598867e-01 2.687614e-01 1.713519e-01
Cast_&_Crew_Premiere_of_The_Lost_City_of_Z_at_Zoo_Palast_Berlinale_2017_02.jpg 2.159493e-01 3.901588e-01 3.938919e-01
Chesnut Family_full.jpeg 2.245673e-01 2.937872e-01 4.816455e-01
Christian_Bale,_Natalie_Portman,_Melissa_Leo_and_Colin_Firth_2011.jpg 7.971908e-02 1.593002e-01 7.609807e-01
Coalville_-_Proms_in_the_Park_2016_(14).JPG 1.137119e-01 2.050558e-01 6.812323e-01
Conference_attendees_(15217234587).jpg 2.501657e-01 5.590522e-01 1.907821e-01
Cong-protest-6_20170118_600_855.jpg 3.779419e-01 3.657630e-01 2.562952e-01
Cong-protest_20170602_350_630.jpg 6.005453e-01 2.824136e-01 1.170411e-01
Crichton-reunion-SPN.jpg 1.739443e-01 5.339522e-01 2.921035e-01
DAUrF7KXgAIWax2-696x464.jpg 4.385756e-01 3.387097e-01 2.227147e-01
DNDi-AMR-meeting.jpg 1.696610e-01 2.889034e-01 5.414356e-01
DSC01503-1.jpg 2.959247e-01 3.672906e-01 3.367847e-01
DSC03858.jpg 1.021098e-01 2.011131e-01 6.967771e-01
DSC_0007.jpg 5.612476e-01 3.166009e-01 1.221515e-01
DSC_5778.jpg 4.153774e-01 3.293023e-01 2.553202e-01
DSC_9018.jpg 2.973182e-01 4.419246e-01 2.607573e-01
DTBK_News_38th-Anniversary-of-the-Victory-of-the-Islamic-Revolution-in-Iran-442x276.jpg 1.009368e-01 2.787783e-01 6.202849e-01
Dalit-women-protest.jpg 4.914978e-01 2.447214e-01 2.637808e-01
Dxc1oCACSEW3jxldYWYmZ75NbZ3AYFvV.jpg 2.578800e-01 5.206659e-01 2.214541e-01
EPA2399489_Articolo.jpg 7.780488e-01 1.361652e-01 8.578596e-02
EV2017_GE_MR089.jpg 2.420822e-01 4.062535e-01 3.516643e-01
East_Coast_OP_Sponsors_Hope_In_Motion_Prosthetic_Support_Group-8-of-9.jpg 5.925990e-02 1.749078e-01 7.658323e-01
Egypt-Church-Bombing1.jpg 5.528866e-01 2.283398e-01 2.187736e-01
Family get together, Lane Cove Nat Park, 1989.jpg 1.773095e-01 3.183733e-01 5.043172e-01
Family-Reunion.jpg 0 0 0
FastandtheFurious6J.jpg 6.194313e-01 3.171403e-01 6.342840e-02
Feature-Picnic-Group-1-520x245.jpg 1.433775e-01 2.538075e-01 6.028150e-01
File-Jul-11-10-23-53-AM.jpeg 8.631769e-02 1.012278e-01 8.124546e-01
Former-Campers...Current-staff.jpg 2.057754e-01 2.168901e-01 5.773345e-01
France-Paris-election-riots-Marine-Le-Pen-Emmanuel-Macron-910107.jpg 4.453565e-01 3.357470e-01 2.188965e-01
Funeral-Pastor.jpg 3.802998e-01 3.862765e-01 2.334237e-01
Future-Islands-by-Tom-Hines-1-low-res.jpg 3.744087e-01 5.594683e-01 6.612295e-02
G8-chiefs-Laurel-Cabin-patio.jpg 3.865958e-01 5.222976e-01 9.110651e-02
G8_Summit_working_session_on_global_and_economic_issues_May_19,_2012.jpg 2.711918e-01 5.422821e-01 1.865262e-01
GFG10BR34.5-1.jpg 1.633876e-02 3.879499e-02 9.448662e-01
GL-IPL-2017-cheerleaders.jpg 3.038470e-02 6.208165e-02 9.075337e-01
GMH101399691_hd.jpg 3.068832e-01 5.889894e-01 1.041273e-01
GTY-womens-march-philadelphia-jt-170121_4x3_992.jpg 5.683041e-01 2.778031e-01 1.538928e-01
GettyImages-104304702-58b464db3df78cdcd80e53aa.jpg 4.445162e-01 4.008901e-01 1.545937e-01
GettyImages-682916922-1200x628.jpg 4.115300e-01 3.655779e-01 2.228922e-01
Gobble-collage_3788-webcopy.jpg 3.232952e-02 8.941825e-02 8.782522e-01
Great-softball-with-Okotoks-On-Deck-just-steps-away-from-Riverbend-Campground-Okotoks1.jpg 2.573850e-01 2.342557e-01 5.083593e-01
Group-photo.jpg 2.675566e-01 3.318557e-01 4.005877e-01
Group-shot-Climate-Picnic-for-web.jpg 1.587076e-01 2.604156e-01 5.808768e-01
Group2.jpg 6.988371e-02 1.624309e-01 7.676854e-01
GroupOPT2.jpg 3.442970e-01 3.053175e-01 3.503855e-01
Gujarat-Ranji-celebration-PTI.jpg 3.356772e-01 1.981240e-01 4.661988e-01
Gujarat.jpg 7.443298e-01 1.663631e-01 8.930704e-02
H03_Sit_In.jpg 5.037903e-01 3.344859e-01 1.617238e-01
H16_Puerto_Rico_Student_Protest.jpg 5.711024e-01 2.690779e-01 1.598197e-01
HD-Family_featured.jpg 5.594126e-02 1.676293e-01 7.764294e-01
Happy_Birthday_VAS.jpg 8.262911e-02 1.407141e-01 7.766567e-01
Hasana-3.jpg 5.090924e-01 3.037661e-01 1.871414e-01
Hindu-Yuva-Vahini-Protest-against-Pakistan.jpg 6.107497e-01 2.614869e-01 1.277634e-01
Houston-JDRF-Promise-Ball-Havana-Nights-May-2017-Drew-Dougherty-Vita-Dougherty-Paige-Fass-Richard-Fass_084629.jpg 1.861619e-01 1.658168e-01 6.480213e-01
Hu_Jintao_and_Barack_Obama_2009.jpg 4.048327e-01 4.490846e-01 1.460826e-01
IDC-Planning-Meeting-Dec-17-2016-New-York.jpg 2.271332e-01 3.575572e-01 4.153096e-01
IMG_0114.jpg 1.455170e-01 3.117776e-01 5.427054e-01
IMG_20170222_120527.jpg 5.511023e-01 2.897269e-01 1.591708e-01
IMG_3271-GCAA-picnic-group-1024x658.jpg 3.090526e-01 3.078338e-01 3.831136e-01
IMG_3480.jpg 1.001230e-01 1.582042e-01 7.416729e-01
IMG_3488.jpg 1.991633e-01 3.366163e-01 4.642204e-01
IMG_3701-320x320.jpg 2.837465e-01 2.680517e-01 4.482018e-01
IMG_3709.jpg 4.888758e-01 2.057677e-01 3.053565e-01
IMG_3807.jpg 5.969997e-02 1.307467e-01 8.095533e-01
IMG_6614.jpg 1.637605e-01 2.205296e-01 6.157099e-01
IMG_6763.jpg 1.256809e-01 3.104062e-01 5.639128e-01
IMG_6766.jpg 1.365456e-01 3.022399e-01 5.612144e-01
IMG_6769.jpg 2.708772e-01 2.612043e-01 4.679185e-01
IMG_6960.JPG 2.004522e-01 3.503473e-01 4.492005e-01
IMG_7033-750x500.jpg 9.698353e-02 1.672204e-01 7.357961e-01
IMG_7051-750x500.jpg 1.020532e-01 2.307336e-01 6.672132e-01
IMG_7052-750x500.jpg 1.238562e-01 2.093159e-01 6.668278e-01
IMG_9205-1024x917.jpg 2.954760e-01 2.878782e-01 4.166458e-01
INDIA_-_0721_-_Proteste_Gujarat.jpg 7.438195e-01 1.400657e-01 1.161148e-01
ImageShufflerImage_10096582.jpg 8.372085e-02 1.007452e-01 8.155339e-01
InceptionCastPremiereJuly10.jpg 1.388007e-01 2.216926e-01 6.395067e-01
India-US-Bar-Shooting_sham-1-725x487.jpg 4.530456e-01 4.127245e-01 1.342298e-01
Indian-Ocean-Rim-2015.jpg 1.137238e-01 2.390617e-01 6.472145e-01
JNUabvp_B_190216.jpg 7.093229e-01 1.964745e-01 9.420267e-02
JS26624213-Medium.jpg 2.416595e-01 3.165215e-01 4.418190e-01
Jagapathi_Babu_with_Shruti_Haasan_at_Filmfare_Awards_2014.jpg 1.460695e-01 1.457716e-01 7.081589e-01
Jallikattu-Protest-Law-Tamil-Nadu.jpg 6.568045e-01 2.275851e-01 1.156104e-01
KZk8qtcysWMBAXKScsLzHAXaSxLVGW6p.jpg 2.328697e-01 6.930524e-01 7.407790e-02
Kajol_Family.jpg 1.602318e-01 2.309048e-01 6.088634e-01
Kalburgi.jpg 6.762110e-01 2.252995e-01 9.848943e-02
Kansas5.jpg 4.947870e-01 3.350616e-01 1.701514e-01
Karabo-13.jpg 5.571822e-01 3.820054e-01 6.081244e-02
Kashmir --621x414.jpg 6.667755e-01 2.298848e-01 1.033397e-01
Kodagu.jpeg 4.263395e-01 3.394605e-01 2.342000e-01
Kunu_Bej_being_felicitated_during_25th_Odisha_State_Film_Awards.jpg 2.194807e-01 5.079812e-01 2.725381e-01
LG001-boho-picnic-wedding-charlene-schreuder.jpg 3.074400e-01 2.339830e-01 4.585770e-01
LabPicnic2010-Group.jpg 2.254549e-01 2.367752e-01 5.377699e-01
Loba-at-cremation.jpg 2.737418e-01 4.796122e-01 2.466460e-01
Local-residents-protest-at-Sanand-Guj.jpg 5.273527e-01 2.758374e-01 1.968099e-01
Malayil+Gathering+2014-01.png 5.132984e-01 3.263071e-01 1.603945e-01
Marshall-family12-515x302.jpg 1.900354e-01 2.353716e-01 5.745929e-01
Meeting_of_the_BRICS_leaders_with_members_of_the_BRICS_Business_Council,_2016_(1).jpg 2.367223e-01 5.308887e-01 2.323890e-01
Missing-JNU-student-protest.jpg 4.851636e-01 3.288805e-01 1.859558e-01
Modi-7_20170110_600_855.jpg 2.498234e-01 4.638673e-01 2.863093e-01
Moriarity Picnic1983 pic 2 PH.jpg 2.031126e-01 2.520629e-01 5.448245e-01
NEET-klyF--621x414@LiveMint.jpg 6.364400e-01 2.487413e-01 1.148187e-01
Nurse-protest_20170110_600_855.jpg 4.774298e-01 2.386308e-01 2.839394e-01
Obama_and_Erdoan_speaking.jpg 3.439998e-01 4.691398e-01 1.868604e-01
P113011LJ-0131.jpg 4.682448e-01 4.245207e-01 1.072345e-01
PARAMJIT-SINGH-MATRY.png 6.860517e-01 2.486421e-01 6.530624e-02
PAY-Rotherham-United-v-Millwall-001.jpg 3.889783e-01 3.355875e-01 2.754342e-01
PAY-Rotherham-United-v-Millwall.jpg 3.461553e-01 4.246174e-01 2.292274e-01
PAY-Ugly-crowd-scenes.jpg 2.358300e-01 3.460372e-01 4.181328e-01
PFG05 Protesta News rk.jpg 4.982747e-01 2.373359e-01 2.643893e-01
PIC.13.-2019-AFCON-QUALIFIER-BETWEEN-SUPER-EAGLES-AND-BAFANA-BAFANA-IN-UYO.jpg 5.182522e-01 3.317106e-01 1.500373e-01
PROTEST-AT-AIRPORT-ROAD.jpg 6.734370e-01 2.327780e-01 9.378501e-02
PROTEST-DUMINICA-22-IANUARIE-2017-07_resize.jpg 5.075342e-01 3.765700e-01 1.158958e-01
PSX_20170324_145622.jpg 5.892106e-01 2.418714e-01 1.689181e-01
PTI10_15_2016_000063B.jpg 3.817946e-01 3.232538e-01 2.949515e-01
Pankaj Vohra- Delhi BJP.jpg 5.785576e-01 2.033689e-01 2.180735e-01
Pankaj_Jal_and_Ghasiram_Mishra_during_25th_Odisha_State_Film_Awards_02.jpg 2.780243e-01 4.898123e-01 2.321634e-01
Passing-of-the-Gavel-Photo.jpg 8.198209e-02 1.688957e-01 7.491222e-01
Patidar-youth-from-Keshod-Gujarat-welcome-Amit-Shah%E2%80%99s-cavalcade-with-eggs-696x389.jpg 3.115752e-01 2.627756e-01 4.256492e-01
Photo - Neighborhood group photo 5-20.JPG 1.615312e-01 3.512546e-01 4.872143e-01
Picnic+Group.jpg 4.571672e-01 2.822694e-01 2.605634e-01
Picnic-Group-Photo.jpg 1.108824e-01 1.799661e-01 7.091515e-01
Picnic-protest-targets-wo-014.jpg 1.721367e-01 2.863381e-01 5.415252e-01
PicnicGroup_w.jpg 1.334826e-01 1.881401e-01 6.783772e-01
PicnicPoint_2015a.JPG 8.170642e-02 1.492916e-01 7.690020e-01
Prime_Minister_Narendra_Modi_with_French_President_Franois_Hollande_at_the_G20_Summit.jpg 3.686647e-01 4.587341e-01 1.726012e-01
Priyanka_Chopra,_Ranbir_Kapoor,_Ileana_Dcruz_at_the_launch_of_'Barfi!'_promo_02.jpg 1.613758e-01 1.961841e-01 6.424401e-01
Protest-1487765300.jpg 7.254867e-01 1.927327e-01 8.178059e-02
Protest_20170110_600_855.jpg 6.773662e-01 2.273059e-01 9.532784e-02
Protesters-against-president-elect-Donald-Trump-march-peacefully-through-Oakland.jpg 4.120930e-01 2.808833e-01 3.070237e-01
Protests_in_Jantar_Mantar,_Delhi_against_the_ban_on_Jallikattu.jpg 4.378393e-01 3.608294e-01 2.013314e-01
Quirk_Picnic_Group.jpg 9.852325e-02 2.499503e-01 6.515264e-01
RT-NYPD-Police-Funeral-Family-MEM-170711_12x5_1600.jpg 5.001233e-01 3.392156e-01 1.606611e-01
RT-Otto-Warmbier-funeral-09-rc-170622_31x13_1600.jpg 4.444321e-01 4.152652e-01 1.403027e-01
Richardson+Picnic+Group+photo+1.aug2011.jpg 0 0 0
Rockingbirds-600x400.jpg 2.856669e-01 4.327014e-01 2.816317e-01
Royal_guards_from_1st_Infantry_Regiment_in_the_Royal_Funeral_of_Princess_Bejaratana_Rajasuda_(1).JPG 4.052432e-01 4.523806e-01 1.423763e-01
SC2-2017-venue-02.jpg 2.664499e-01 5.216614e-01 2.118887e-01
S_PRJFamilyd.jpg 8.451151e-02 2.223535e-01 6.931350e-01
Screen-Shot-2017-03-24-at-9.51.21-AM.png 3.371679e-02 6.759462e-02 8.986886e-01
Screen-Shot-2017-03-25-at-16.11.58-e1490535470223.png 3.622895e-01 3.887541e-01 2.489564e-01
Secretary_Kerry_Meets_With_King_Abdullah_II_Before_World_Economic_Forum_in_Jordan_(2).jpg 1.778339e-01 5.310323e-01 2.911337e-01
Shillong-Meghalaya-3.jpg 5.805450e-01 3.134431e-01 1.060119e-01
ShowImage.ashx.jpg 2.102415e-01 5.118289e-01 2.779296e-01
Shraddha_Kapoor_at_the_56th_Idea_Filmfare_Awards_2011.jpg 1.232566e-01 1.539366e-01 7.228067e-01
Silbiger_protests-2-1140x760.jpg 5.494363e-01 3.052838e-01 1.452799e-01
Soccer101IndirectFreeKick.jpg 5.358346e-01 2.299763e-01 2.341891e-01
Stakeholder_Dialog_Studenten_1col_Mailand_2017.jpg 3.617358e-01 4.305715e-01 2.076927e-01
State_funeral_of_2017_Tehran_attacks_victims_in_behind_of_the_Parliament_of_Iran_2017-06-09_04.jpg 5.606967e-01 3.071019e-01 1.322014e-01
Student-protest.png 7.098037e-01 2.055864e-01 8.460989e-02
TSWH-Pic.jpg 1.798355e-01 2.311024e-01 5.890622e-01
Toni-L.-SandysThe-Washington-Post-1024x693.jpg 8.799176e-01 7.650506e-02 4.357737e-02
Transformations_in_the_Arab_World_Panel_World_Economic_Forum_2013.jpg 2.786997e-01 5.143404e-01 2.069599e-01
Triple-Talaq-PTI-3.jpg 7.251945e-01 1.976470e-01 7.715848e-02
TrumpInaugurationProtest_012017_Web_01.jpg 5.669708e-01 2.889798e-01 1.440495e-01
TrumpInaugurationProtest_012017_Web_05.jpg 6.202683e-01 2.822186e-01 9.751309e-02
Turman-Smith-Sharon-large-family.jpg 6.429783e-02 1.346445e-01 8.010577e-01
Unhappy-People-004.jpg 2.997090e-01 4.905620e-01 2.097290e-01
Untitled56.jpg 1.274976e-01 2.751670e-01 5.973354e-01
VASH111-621_2017_221057_Super_Portrait.jpg 5.252974e-01 3.257628e-01 1.489397e-01
VENEZUELA-LEOPOLDO_LOPEZ_PROTESTA_SPANXAC101.jpg 5.378125e-01 2.131635e-01 2.490240e-01
Venezuela_Political_Crisis_51193-727x485.jpg 4.005293e-01 4.072724e-01 1.921983e-01
Vibrant-Gujarat-2017-Mahatma-Mandir.jpg 2.931225e-01 3.573014e-01 3.495761e-01
Visionaries-Picnic.jpg 5.478331e-02 1.491027e-01 7.961140e-01
Visita_a_Israel_para_el_Funeral_de_Estado_de_Shimon_Peres_29394201744.jpg 2.864799e-01 4.449756e-01 2.685445e-01
WWW_3.jpg 3.122628e-01 3.687984e-01 3.189388e-01
Wagner3.jpg 1.417304e-01 2.148684e-01 6.434012e-01
Web-2015-Convocation-Ceremony-1-xx.jpg 3.487685e-01 1.872996e-01 4.639320e-01
WhatsApp-Image-2017-01-05-at-3.02.19-PM.jpeg 3.758995e-01 3.733684e-01 2.507321e-01
WhatsApp-Image-2017-03-01-at-12.17.01-PM.jpeg 6.565346e-01 2.395163e-01 1.039491e-01
White-Family.jpg 1.701752e-01 2.749898e-01 5.548350e-01
Wikimedia_Diversity_Conference_2013_22.jpg 1.912940e-01 4.716949e-01 3.370111e-01
Xconomy_FredHutch_Cancer_Immunotherapy_2017_551.jpg 3.274106e-01 4.109545e-01 2.616349e-01
YapLeeHua-14.jpg 2.280232e-02 3.984389e-02 9.373538e-01
ZacBrownBand.jpg 2.781240e-01 4.450766e-01 2.767994e-01
_234322da-2ccd-11e7-b189-41b029cdb6ad.jpg 3.401175e-01 3.928154e-01 2.670672e-01
_34A5076aaaaaaaaaaaaaaa.jpg 2.494961e-01 2.189597e-01 5.315442e-01
_85199690_img_8328.jpg 4.714420e-01 2.531166e-01 2.754413e-01
_85574654_029083474-1.jpg 4.881827e-01 3.368465e-01 1.749709e-01
_90574579_mediaitem90574578.jpg 6.640649e-01 2.267850e-01 1.091502e-01
_92291916_obamaclinton.jpg 1.809895e-01 1.838890e-01 6.351215e-01
_93340241_mediaitem93340237.jpg 4.614516e-01 4.315975e-01 1.069510e-01
_93340244_mediaitem93340235.jpg 4.990437e-01 3.301669e-01 1.707894e-01
_93730762_037414978-1.jpg 4.247140e-01 2.999525e-01 2.753335e-01
_95377344_mediaitem95372087.jpg 5.426740e-01 3.262381e-01 1.310879e-01
_96006704_gettyimages-673109998-1.jpg 1.410225e-01 4.481313e-01 4.108463e-01
_ARL3893.jpg 7.707016e-01 1.526356e-01 7.666280e-02
__BDD9846_bestCMS_JPG_800x1000_q100.JPG 6.115554e-01 2.909595e-01 9.748505e-02
_f047ef6c-fd7b-11e6-a3af-7fa15638f741.JPG 4.294568e-01 3.662179e-01 2.043253e-01
_middle_120916VballvsOSU_15.jpg 0 0 0
a$_32.JPG 1.243826e-01 1.776864e-01 6.979310e-01
a61545dd46784f18a83e925534f90321_18.jpg 5.894835e-01 1.819839e-01 2.285326e-01
aap-naliya-gangrape-759.jpg 4.933834e-01 2.879587e-01 2.186579e-01
abvp-1490864283.png 6.423459e-01 2.477243e-01 1.099298e-01
abvp-activists-protest_cf314e34-fef4-11e6-97dc-08322d33dfd3.jpg 5.930252e-01 2.427523e-01 1.642225e-01
abvp_0f5d17f2-ff42-11e6-abb0-ce03674c2ba4.jpg 7.093231e-01 1.962057e-01 9.447118e-02
abvp_protest20140812_600_855.jpg 5.499374e-01 2.854979e-01 1.645647e-01
acting-class-555x705.jpg 2.704905e-01 3.648530e-01 3.646565e-01
actoras-funeral-crematorium-prodip-their-oshiwara-respects_b0bc5e7e-3bcd-11e7-8e2c-04c6be70fea0.JPG 5.529941e-01 3.225741e-01 1.244318e-01
aiciprotest8082.jpg.size.custom.crop.1086x723.jpg 5.692247e-01 2.531361e-01 1.776392e-01
angels-of-evil-02.jpg 2.924556e-01 5.171345e-01 1.904099e-01
ap_17042685774122-b7a047cf716710b4199778b1759af6d4c7756f7e-s900-c85.jpg 4.684343e-01 3.280149e-01 2.035508e-01
ap_17124489411198.jpg 3.781044e-01 3.201492e-01 3.017463e-01
ap_ap-photo1501.jpg 4.668596e-01 3.154772e-01 2.176633e-01
ap_hillary_clinton_ss_presidential_campaign_lpl_121024_9x7_1600.jpg 1.557220e-01 2.484330e-01 5.958449e-01
apistanislausHappy-Friendsgiving-fam-Thanks-to-everyone-who-came-out-Congrats-to-our-new-board-members.jpg 5.907404e-02 1.111151e-01 8.298109e-01
app=portal&sig=51bb5d0af651d7aec4a10085af72a45b1861319cd3f8649845ba7095250d4d73.jpg 4.363369e-01 3.976492e-01 1.660139e-01
article-2707754-200B094000000578-129_634x427.jpg 4.447476e-01 4.601537e-01 9.509863e-02
attrocities-on-Dalit-Reu.jpg 6.541352e-01 2.138883e-01 1.319765e-01
b52614fc61c32656c15cddbc8ea41f23.jpg 6.095481e-01 2.793124e-01 1.111395e-01
b91547ee1ac7b175a84966936997739b.jpg 3.978286e-01 5.186270e-01 8.354442e-02
banner.jpg 4.631212e-03 7.683751e-03 9.876851e-01
bansal-murder-1484303219.jpg 5.374031e-01 3.580484e-01 1.045484e-01
bb2.jpg 1.109590e-01 2.756540e-01 6.133870e-01
beating-froome-team-sky-2017-tour-de-france.jpg 4.233333e-01 2.896806e-01 2.869861e-01
belarus_protest_2017_ok.jpg 6.206506e-01 2.883945e-01 9.095498e-02
bharuch-759.jpg 5.374762e-01 2.850661e-01 1.774577e-01
bijnor-1491998946.jpg 6.098088e-01 2.671771e-01 1.230141e-01
bill-clinton-hillary-clinton-house-clinton-finished-c-r.jpg 1.472876e-01 2.250227e-01 6.276897e-01
bill-hillary-clinton.jpg 1.596016e-01 6.934589e-01 1.469395e-01
bollywood-actor-ranjeet-poet-gulzar-filmmaker-subhash-ghai-actor-picture-id674277358.jpg 3.657288e-01 5.328883e-01 1.013829e-01
broken-social-scene-reunion-album-new-update.png 2.866386e-01 3.728572e-01 3.405042e-01
burma-families.jpg.size.custom.crop.1086x724.jpg 4.971533e-01 2.835679e-01 2.192788e-01
c21527.jpg 2.711393e-01 6.055718e-01 1.232889e-01
c45d322937b0a5c0215791f263b8126d5060783ca3.jpg 3.864081e-01 4.942978e-01 1.192941e-01
c70caf24-9251-4c93-ab22-ede49a6e3f0d.jpg 7.337869e-01 1.682208e-01 9.799224e-02
calgary-gaza-protest.jpg 6.903098e-01 1.968177e-01 1.128725e-01
cct-berktrump-0305-06.jpg 4.963484e-01 3.273637e-01 1.762879e-01
cct-berktrump-0305-19.jpg 5.202161e-01 3.704442e-01 1.093397e-01
chandigarh-cremation-cremation-chandigarh-allegedly-hindustan-members_9b888bda-0ec4-11e7-9152-693fb265b0f1.jpg 3.567087e-01 4.320265e-01 2.112648e-01
chandigarh-february-february-student-hindustan-university-chandigarh_cbb7f820-fd0a-11e6-905d-7be79ae01fbf.JPG 7.437011e-01 1.827202e-01 7.357868e-02
chandigarh-university-hindustan-students-chandigarh-february-students_17bc9f94-fcfe-11e6-905d-7be79ae01fbf.JPG 5.509643e-01 3.113799e-01 1.376558e-01
chandigarh-university-hindustan-students-chandigarh-february-students_fa8d1da0-fd79-11e6-a3af-7fa15638f741.JPG 6.408604e-01 2.733041e-01 8.583540e-02
chandigarh-wednesday-cremation-cremation-chandigarh-hindustan-ceremony_f973f5ec-feaf-11e6-a3af-7fa15638f741.JPG 4.342144e-01 4.613789e-01 1.044067e-01
charlie-murphy-funeral-4.jpg 8.532858e-02 1.354408e-01 7.792306e-01
chelsea-handler-charlize-theron-womens-march-2017-billboard-1548.jpg 2.112834e-01 2.150697e-01 5.736468e-01
childchilrenexcitedinclassarticlehr16.jpg 1.650124e-01 3.862169e-01 4.487707e-01
climate_protest_trump_cc.jpg 3.400208e-01 4.135023e-01 2.464769e-01
coffee-get-together-1.jpg 5.543985e-02 6.658219e-02 8.779779e-01
cosplay_picnic_group_photo_2_by_tomoyo_hime.jpg 2.176101e-01 2.023199e-01 5.800700e-01
cosplay_picnic_group_shot_by_kellyjane.jpg 0 0 0
cover4_072816112433.jpg 5.525952e-01 3.364391e-01 1.109657e-01
cq5dam.web.400.400.jpeg 1.456512e-01 2.386679e-01 6.156809e-01
cricket-ct-2017-ind-sri_2781188c-4ce1-11e7-942b-1b07039b2a8c.jpg 7.349193e-01 2.089037e-01 5.617694e-02
cropped-Picnic-Group.jpg 4.591069e-02 9.577515e-02 8.583142e-01
d3b3799d6611d677944f5f86a500beb3_L.jpg 2.417017e-01 4.210182e-01 3.372802e-01
d7ea903b24244ee0.jpg 4.052448e-01 4.599455e-01 1.348098e-01
dalit+arrest-002.jpg 4.201315e-01 3.803541e-01 1.995144e-01
dalitinside220716mb_072216065908.jpg 6.407035e-01 2.593273e-01 9.996919e-02
dalits-protest.jpg 8.309844e-01 1.181624e-01 5.085316e-02
dalits11.jpg 5.695159e-01 2.220798e-01 2.084043e-01
dannyandthechampions-420x260.jpg 4.062580e-01 4.341768e-01 1.595652e-01
dc-Cover-9r6oh7m4dmbgigd4amp3i0ipp2-20160816195008.Medi.jpeg 7.345111e-01 1.837506e-01 8.173835e-02
dc_happy_3__large.jpg 1.786436e-01 2.601652e-01 5.611913e-01
