2477_D010_00247_CROPV2.jpg_cmyk.jpg 0.0282081 0.964054 0.0077378 
BwFsqjdCIAEIMhk.jpg 0.813168 0.163582 0.0232495 
Soccer101IndirectFreeKick.jpg 0.112791 0.0984341 0.788775 
abvp_0f5d17f2-ff42-11e6-abb0-ce03674c2ba4.jpg 0.977984 0.0185295 0.00348683 
1498437236_image.jpg 0.0508436 0.0630323 0.886124 
986692-BestFamily2017.jpg 0.000127526 0.000133641 0.999739 
LabPicnic2010-Group.jpg 0.00264127 0.870879 0.12648 
000250801hr.jpg 0.00104164 0.0106874 0.988271 
AGM-2013-Audience.jpg 0.000670691 0.989417 0.00991233 
59505948.jpg 0.00172511 0.987096 0.0111792 
family-get-together-002.jpg 0.000331158 0.238843 0.760826 
67_main.1485707539.jpg 0.673536 0.310646 0.0158177 
COLLINS-Richard-Collins-III-casket-being-taken-out-church-by-Travis-Riddick-5-26-2017.jpg 0.19379 0.79578 0.0104291 
14283697682_91f1498a61_b.jpg 0.00236139 0.00415196 0.993487 
maxresdefault-001.jpg 0.995617 0.00419537 0.000187731 
groupphoto3617.jpg 0.0042339 0.00311654 0.99265 
GettyImages-104304702-58b464db3df78cdcd80e53aa.jpg 0.945321 0.0504187 0.00426068 
58779876.jpg 0.998924 0.00103184 4.41235e-05 
1513.jpg 0.446749 0.542336 0.0109144 
2016_0821_group_picnic.jpg 0.0646509 0.364228 0.571121 
up-election-4th-phase_650x400_51487824243.jpg 0.456551 0.534006 0.00944279 
Cast_&_Crew_Premiere_of_The_Lost_City_of_Z_at_Zoo_Palast_Berlinale_2017_02.jpg 0.0149466 0.530498 0.454555 
234A4275.JPG 0.990118 0.00117314 0.00870924 
0C0FC65A-676E-4079-8D26-43F10268D1F5_cx0_cy10_cw0_w1023_r1_s.jpg 0.500368 0.470338 0.0292936 
Gobble-collage_3788-webcopy.jpg 0.000730617 0.00136172 0.997908 
000_ND97E.jpg 0.900737 0.0118251 0.0874379 
3828795150_c398057af7_z.jpg 0.000660455 0.000930165 0.998409 
r0_286_2014_1306_w1200_h678_fmax.jpg 0.13299 0.819573 0.0474368 
wgti_5_Slideshow.jpg 0.00432824 0.980132 0.0155394 
jallikattu-pti-8752.jpg 0.999836 0.000161166 2.4545e-06 
Meeting_of_the_BRICS_leaders_with_members_of_the_BRICS_Business_Council,_2016_(1).jpg 0.1701 0.772109 0.0577906 
montreal-que-february-3-2017-mourners-arrive-at-the-c4.jpeg 0.292316 0.696213 0.0114711 
protest.jpg 0.99926 0.000722352 1.70994e-05 
picnic_l1.jpg 0.00312011 0.0118303 0.98505 
0e5338b196e29ccf0d34477bf903e97f.jpg 0.0128028 0.0752214 0.911976 
11722110_1152278944798564_3392952580607276464_o.jpg 0.00215441 0.0187541 0.979092 
cropped-Picnic-Group.jpg 0.00941155 0.269729 0.720859 
PROTEST-DUMINICA-22-IANUARIE-2017-07_resize.jpg 0.91147 0.0883149 0.000215557 
3321436213_09c8c500c1_b.jpg 3.48177e-06 1.26004e-06 0.999995 
16corpsehotel-3-superJumbo.jpg 0.118639 0.876531 0.00483043 
21UNBUTTONED1-WEB-master768.jpg 0.000198064 0.00301939 0.996783 
angels-of-evil-02.jpg 0.0334589 0.941589 0.0249525 
1__BDD9846_bestCMS_JPG_800x1000_q100.JPG 0.983583 0.0155242 0.000893113 
Family get together, Lane Cove Nat Park, 1989.jpg 0.00195098 0.00319437 0.994855 
gettyimages-675483192_master.jpg 0.802952 0.173575 0.0234728 
IMG_7051-750x500.jpg 0.149636 0.229281 0.621083 
feda71d3cccb4294a5cf79def0a9e677-780x520.jpg 0.989346 0.00745123 0.00320288 
_96006704_gettyimages-673109998-1.jpg 0.162673 0.608607 0.22872 
opposition-meets-president_650x400_61481876014.jpg 0.104895 0.891644 0.00346074 
TrumpInaugurationProtest_012017_Web_01.jpg 0.00216812 0.997021 0.000810599 
G8-chiefs-Laurel-Cabin-patio.jpg 0.00102767 0.985763 0.0132094 
Local-residents-protest-at-Sanand-Guj.jpg 0.467479 0.0474515 0.485069 
S_PRJFamilyd.jpg 0.0235602 0.0214444 0.954995 
150126084157-01-obama-india-0126-super-169.jpg 0.0278403 0.121765 0.850395 
45ff93-20170331-bring-the-sing-duluth-2017-33.jpg 0.494483 0.488549 0.0169684 
Prime_Minister_Narendra_Modi_with_French_President_Franois_Hollande_at_the_G20_Summit.jpg 0.00160548 0.996185 0.00220938 
653582110-e1489609344607.jpg 0.22807 0.386286 0.385644 
childchilrenexcitedinclassarticlehr16.jpg 0.0365818 0.052813 0.910605 
2.5.15_potus_dreamers_resolute_desk.jpeg 0.00247247 0.345537 0.65199 
doug-doskocil-funeral-2017-03-11.jpg 0.371709 0.622717 0.00557374 
12-1421069580-jadavpur-university-protest3.jpg 0.99931 0.000489362 0.000200334 
family-parents-grandparents-Morsa-Images-Taxi-56a906ad3df78cf772a2ef29.jpg 0.199579 6.66729e-05 0.800355 
2017+CMT+Music+Awards+Backstage+Audience+qYdk4drRHpmx.jpg 0.125091 0.856029 0.0188805 
Egypt-Church-Bombing1.jpg 0.0166538 0.417918 0.565428 
PAY-Rotherham-United-v-Millwall.jpg 0.780519 0.213308 0.0061727 
2014-03-18T233111Z_1418564207_GM1EA3J0KPJ01_RTRMADP_3_VENEZUELA-PROTESTS-899x600.jpg 0.978888 0.0202636 0.000848499 
chandigarh-cremation-cremation-chandigarh-allegedly-hindustan-members_9b888bda-0ec4-11e7-9152-693fb265b0f1.jpg 0.0293607 0.89072 0.0799198 
yowoto-family-get-together.jpg 0.729 0.0441441 0.226856 
DNDi-AMR-meeting.jpg 0.0072311 0.992062 0.000706917 
Transformations_in_the_Arab_World_Panel_World_Economic_Forum_2013.jpg 0.0273998 0.951026 0.0215742 
Dxc1oCACSEW3jxldYWYmZ75NbZ3AYFvV.jpg 0.00435792 0.995175 0.000466906 
05012017_promayday_174116-1020x709.jpg 0.837445 0.123716 0.0388393 
IMG_6766.jpg 0.000866069 0.0891118 0.910022 
fence-academy-congradulates-medical-license-exam-topper-uphsd.jpg 0.0105572 0.0156475 0.973795 
Coalville_-_Proms_in_the_Park_2016_(14).JPG 0.00612824 0.0371428 0.956729 
7e4dc99c12a04a7aa5fd522d500d46a4_18.jpg 0.500813 0.00292173 0.496265 
this-is-us-hospital.jpg 0.268185 0.679484 0.052331 
13govs-1-blog480.jpg 0.0371538 0.573066 0.38978 
1-012.jpg 0.00321224 0.0233702 0.973418 
aiciprotest8082.jpg.size.custom.crop.1086x723.jpg 0.994943 0.000763462 0.00429314 
04-beyonce-jayz.w529.h529.jpg 0.00475372 0.00290418 0.992342 
zach-scott-variety-camps-header.jpg 0.076411 0.0150004 0.908589 
NEET-klyF--621x414@LiveMint.jpg 0.953364 0.0462949 0.000341491 
tumblr_inline_ophceloiMq1utk29b_540.jpg 0.996506 0.000676816 0.00281736 
G8_Summit_working_session_on_global_and_economic_issues_May_19,_2012.jpg 0.002283 0.996705 0.00101192 
russia-protests-2017-03-26t124210z-631775265-rc1711eb2000-rtrmadp-3-russia-protests-navalny.jpg 0.659303 0.318801 0.0218959 
get-together-L-Tbtno8.jpeg 0.00305411 0.284664 0.712282 
gujarat-women-3-001.jpg 0.0180925 0.000310563 0.981597 
intern-picnic-group-erin-1024x645.jpg 0.00124183 0.0899787 0.90878 
_93340244_mediaitem93340235.jpg 0.425822 0.550375 0.0238034 
Cong-protest-6_20170118_600_855.jpg 0.996721 0.00314095 0.000138051 
70758-Family-2017.png 0.00653635 0.00147745 0.991986 
Shillong-Meghalaya-3.jpg 0.00438105 0.911188 0.0844312 
2017_2$largeimg112_Feb_2017_193655327gallery.jpg 0.365303 0.571599 0.0630984 
59629a52d60c2.jpg 0.989347 0.00730529 0.00334772 
tag reuters.com,2017 newsml_LYNXNPED4H1YF 12017-05-18T212058Z_1_LYNXNPED4H1YF_RTROPTP_3_MOROCCO-PROTEST.JPG 0.98036 0.00266306 0.0169769 
161109170040-08-clinton-concession-speech-1109-exlarge-169.jpg 0.317065 0.63757 0.0453647 
13493-mexico-riot.jpg 0.787747 0.096985 0.115268 
10hungary-master768.jpg 0.588316 0.392533 0.0191515 
mra-feature.png 0.908372 0.0895083 0.00212017 
funeral-635x357.jpg 0.0193744 0.978592 0.00203391 
East_Coast_OP_Sponsors_Hope_In_Motion_Prosthetic_Support_Group-8-of-9.jpg 0.00347692 0.00847433 0.988049 
Royal_guards_from_1st_Infantry_Regiment_in_the_Royal_Funeral_of_Princess_Bejaratana_Rajasuda_(1).JPG 0.0516584 0.799031 0.14931 
image-001.JPG 0.234221 0.75719 0.00858902 
1162_photo.jpg 0.0991715 0.893503 0.00732506 
Photo - Neighborhood group photo 5-20.JPG 0.169337 0.458116 0.372548 
protest-101916-12_64804155-900.jpg 0.942199 0.0526994 0.00510199 
GroupOPT2.jpg 0.102278 0.225258 0.672464 
20170609_120322.jpg 0.00914591 0.208455 0.782399 
53924cc170b2a.image.jpg 0.0349784 0.0080937 0.956928 
wgti_9_Slideshow.jpg 0.0111992 0.987467 0.00133366 
Dalit-women-protest.jpg 0.100657 0.814475 0.0848683 
577958-abvp4.jpg 0.99568 0.00368034 0.000639182 
tower1-1bm1bmg-1024x683.jpg 0.00281519 0.992772 0.00441319 
556845-protest-031517.jpg 0.780046 0.214815 0.00513942 
extended-family-portraits-nyc1(pp_w890_h530).jpg 0.040318 0.570201 0.389481 
family-get-together-004.jpg 5.00934e-05 0.739102 0.260848 
malcombest4.jpg 0.0176437 0.278222 0.704134 
Ahmed-Kathrada-funeral.jpg 0.0493885 0.902231 0.048381 
zimbabwe-warriors-chan.jpg 0.0336372 0.0586352 0.907728 
India-US-Bar-Shooting_sham-1-725x487.jpg 0.206398 0.706936 0.0866652 
Hasana-3.jpg 0.260294 0.717286 0.0224192 
1191554_Wallpaper2.jpg 0.0816072 0.843545 0.0748473 
EPA2399489_Articolo.jpg 0.937721 0.0594479 0.00283066 
560fe60081b21dac461205f75cc9f6bb.jpg 0.0514571 0.929547 0.0189963 
1390309629_AAP-protest.jpg 0.857071 0.113875 0.0290538 
IMG_6763.jpg 0.000582745 0.536151 0.463266 
Balod-Chhattisgarh.jpg 0.0104581 0.929546 0.0599955 
170128162259-05-protest-at-jfk-0128-super-tease.jpg 0.986416 0.0125503 0.00103405 
Web-2015-Convocation-Ceremony-1-xx.jpg 0.444841 0.00227639 0.552883 
7th-heaven-reunion.png 8.37936e-05 0.011333 0.988583 
14285201774_fabedd4c48_b.jpg 0.187159 0.713596 0.0992451 
happy_cast_web__large.jpg 0.000689845 0.00014881 0.999161 
b91547ee1ac7b175a84966936997739b.jpg 0.396928 0.586816 0.0162559 
hazarkhuwani-protest.jpg 0.530642 0.00895886 0.4604 
sjm-sfoprotest-0130-02.jpg 0.950356 0.0476341 0.00201031 
Kodagu.jpeg 0.694898 0.300212 0.00489018 
PTI10_15_2016_000063B.jpg 0.174624 0.766946 0.0584306 
IMG_20170222_120527.jpg 0.977047 0.0211032 0.00185027 
g20_rain_PS-0133.jpg 0.0147784 0.973589 0.011633 
57b5f16b170000ae02c7405c.jpeg 0.895839 0.0487674 0.0553932 
IDC-Planning-Meeting-Dec-17-2016-New-York.jpg 0.00084922 0.862028 0.137123 
PARAMJIT-SINGH-MATRY.png 0.576472 0.348361 0.0751669 
c45d322937b0a5c0215791f263b8126d5060783ca3.jpg 0.39323 0.587537 0.0192336 
547515-up-rahul-reuters.jpg 0.0570961 0.93936 0.00354416 
e0019270_541c0ee9009c5.jpg 0.0093456 0.923648 0.0670062 
RT-Otto-Warmbier-funeral-09-rc-170622_31x13_1600.jpg 0.024867 0.834552 0.140581 
2017-06-17_new_32115139_I1.JPG 0.971906 0.0179976 0.0100964 
leith-hill-170507-jon-ohouston.jpg 0.0729532 0.769815 0.157232 
29modi-meets-ceos1.jpg 0.000444835 0.000660317 0.998895 
yourstory-rapid-responss-2.jpg 0.534272 0.456084 0.00964321 
Kunu_Bej_being_felicitated_during_25th_Odisha_State_Film_Awards.jpg 0.00640351 0.521635 0.471961 
GettyImages-682916922-1200x628.jpg 0.867522 0.124992 0.0074855 
sukhoi-cremation-pankaj_PTI_social-1280.jpg 0.149073 0.161233 0.689694 
dims.jpg 0.043744 0.932477 0.0237786 
26Vatican-web-master768-v2.jpg 0.0331064 0.961792 0.00510151 
aap-naliya-gangrape-759.jpg 0.984672 0.0146442 0.000683309 
IMG_3488.jpg 2.44746e-06 0.00227398 0.997724 
53736-xmiaviqoxe-1489671241.jpg 0.0366434 0.955575 0.00778177 
1-009.jpg 0.0694108 0.880652 0.0499372 
venezuela-protests-and-violence-ap-640x480.jpg 0.633914 0.104741 0.261345 
1024x1024-00-2.jpg 0.994475 0.00484866 0.000676654 
2017-04-10T103735Z_1_LYNXMPED390L7_RTROPTP_3_INDIA-KASHMIR.jpg 0.879601 0.0465988 0.0738006 
itbuds_convocation3.jpg 0.00919881 0.208794 0.782008 
rajpoot-1-1485786663.jpg 0.443793 0.491565 0.0646419 
WWW_3.jpg 0.0768783 0.638489 0.284633 
Patidar-youth-from-Keshod-Gujarat-welcome-Amit-Shah%E2%80%99s-cavalcade-with-eggs-696x389.jpg 0.250539 0.708685 0.0407764 
sjm-mayday-0502-041.jpg 0.993454 0.00623634 0.000309362 
14d326e9-60f9-42d0-a377-d0e99a29ea7c.jpg 0.41132 0.511975 0.0767049 
venezuela-opposition-protest.jpg 0.220599 0.382979 0.396422 
evm2.jpg 0.289314 0.708978 0.00170734 
10270086-low_res-happy-valley-series-2.jpg 0.0225632 0.96482 0.0126171 
000_Par7900188-635x357.jpg 0.192926 0.80286 0.00421394 
Screen-Shot-2017-03-25-at-16.11.58-e1490535470223.png 0.066748 0.908608 0.0246438 
happy-endings-hulu.jpg 1.76021e-05 0.0010971 0.998885 
Bhadravati.jpg 0.964802 0.0270105 0.00818776 
Future-Islands-by-Tom-Hines-1-low-res.jpg 0.000764441 0.992119 0.00711642 
532396-funeral-of-sir-arnold-clark-in-glasgow-on-april-19-2017.jpg 0.317817 0.624287 0.0578965 
3607719211.jpg 0.391759 0.0994745 0.508767 
150213-F-IZ174-001.JPG 0.000281451 0.998482 0.00123701 
coffee-get-together-1.jpg 3.54796e-05 0.0150832 0.984881 
hr2301-1490200581.jpg 0.0275597 0.653981 0.318459 
Protest_20170110_600_855.jpg 0.983458 0.015707 0.000835029 
Turman-Smith-Sharon-large-family.jpg 0.0045933 0.0250007 0.970406 
_f047ef6c-fd7b-11e6-a3af-7fa15638f741.JPG 0.932117 0.0601613 0.00772142 
photo-54-790x445.jpg 0.373631 0.393739 0.23263 
web1_IMG_0333-1.jpg 0.00448758 0.449959 0.545554 
02PROTEST-2-master768.jpg 0.484798 0.0370298 0.478172 
4532_1453011201_Sai-3.jpg 0.970111 0.0234517 0.00643741 
kajol-mother-and-tanisha.jpg 3.51232e-06 1.58102e-06 0.999995 
45c17db916d9735fb7bac037bf12ab3fe75e4746.jpg 0.127545 0.0771081 0.795347 
514189555.jpg 0.00852291 0.721957 0.26952 
Shraddha_Kapoor_at_the_56th_Idea_Filmfare_Awards_2011.jpg 0.000485733 0.00624918 0.993265 
38650987_303.jpg 0.878668 0.0686164 0.052716 
Crichton-reunion-SPN.jpg 0.010237 0.972717 0.017046 
sjm-mainmarch-0122-216.jpg 0.71298 0.28654 0.000480371 
c21527.jpg 0.000931344 0.997431 0.00163783 
000_N655P-e1491059261353.jpg 0.696252 0.256549 0.0471988 
unnamed-1-16.jpg 0.624367 0.354263 0.0213697 
_90574579_mediaitem90574578.jpg 0.99476 0.00202061 0.00321909 
1386595670_UPSC-aspirants.jpg 0.930888 0.0588825 0.01023 
bb2.jpg 0.000709459 0.0454366 0.953854 
PicnicGroup_w.jpg 0.00225832 0.406653 0.591089 
obama-modi-1-pti-L.jpg 0.140949 0.694647 0.164404 
a$_32.JPG 0.00021766 0.00234493 0.997437 
Xconomy_FredHutch_Cancer_Immunotherapy_2017_551.jpg 0.00116731 0.998371 0.000461923 
17BILLCLINTONjp1-master768.jpg 0.189857 0.746639 0.0635038 
montreal-que-february-2-2017-funeral-home-staff-army-t.jpeg 0.128574 0.846166 0.02526 
RT-NYPD-Police-Funeral-Family-MEM-170711_12x5_1600.jpg 0.190059 0.724463 0.085478 
trump_protest_01202017_rj_4563.jpg 0.978456 0.0162033 0.00534088 
826999-AboutUs.png 0.00344932 0.00792208 0.988629 
61de861c-eaf2-4e0b-8acb-b693743ff8d5_20170309-BowmanCupTop.jpg 0.618359 0.315896 0.0657447 
BowyDaYL.jpg 0.0361069 0.814611 0.149282 
01112017protest3.jpg 0.937267 0.0540443 0.00868831 
montreal-que-february-3-2017-mourners-arrive-at-the-c1.jpeg 0.0686882 0.848076 0.0832361 
2015-05-23-12-56-21-crowd-1.jpg 0.327605 0.659053 0.0133425 
1024x1024.jpg 0.935242 0.0600625 0.00469586 
60930010-850x510.jpg 0.0759575 0.906652 0.0173909 
PAY-Ugly-crowd-scenes.jpg 0.0593822 0.881298 0.0593196 
539801-17ph-2017-01-17t144426z1937449562rc18b66d0e40rtrmadp3india-politics.jpg 0.941106 0.0249509 0.0339433 
1d91b45a06df43e7b7f78ea685b519ea.jpg 0.00651611 0.976046 0.0174377 
150607-F-CB366-211.JPG 0.0731072 0.715927 0.210966 
10-donald-trump-obamacare-collapse.w710.h473.jpg 0.0115774 0.837188 0.151234 
guj-k2oF--621x414@LiveMint.JPG 0.256756 0.739267 0.00397714 
ju-abvp-clash-480.jpg 0.0406704 0.00811994 0.95121 
c70caf24-9251-4c93-ab22-ede49a6e3f0d.jpg 0.998875 0.000980479 0.00014438 
screen_shot_2017-01-10_at_7.56.06_pm.jpg 0.85251 0.0222488 0.125241 
14284910124_0666ace29d_b.jpg 0.000931542 0.00139164 0.997677 
paramjit-759.jpg 0.344204 0.0610599 0.594736 
trump-inauguration-pr_ode-2.jpg 0.795076 0.10823 0.096693 
relative.jpg 0.000296511 0.0239051 0.975798 
170501-dorking-cock-roundabout-ackroyd-and-harvey-3.jpg 0.840137 0.0492711 0.110592 
signs_hazara.jpg 0.936562 0.0550539 0.00838443 
nup_177970_2442-h_2017.jpg 0.000310017 0.00040346 0.999287 
20161008_173341.jpg 3.9777e-06 1.30508e-06 0.999995 
8_A-group-snap.jpg 0.149888 0.789293 0.0608188 
sasa-group.jpg 0.00662549 0.990725 0.00264904 
_234322da-2ccd-11e7-b189-41b029cdb6ad.jpg 0.255746 0.179299 0.564956 
screen_shot_2017-01-30_at_10.09.36_am.png 0.828669 0.147147 0.0241833 
IMG_3271-GCAA-picnic-group-1024x658.jpg 0.00680999 0.349752 0.643438 
fx4JeykdTfOydgMyCXsA2qHEfgtC3hwf.jpg 0.000712554 0.301093 0.698194 
cover4_072816112433.jpg 0.500405 0.249751 0.249844 
group_6_2016_3-001.jpg 0.00253407 0.0128926 0.984573 
Conference_attendees_(15217234587).jpg 0.124286 0.87013 0.00558441 
Ahmed-Kathrada-funeral-6.jpg 0.0183981 0.921631 0.059971 
Picnic-protest-targets-wo-014.jpg 0.00435969 0.0130874 0.982553 
2017-05-02T131113Z_1_LYNXMPED410S7_RTROPTP_2_INDIA-PAKISTAN.JPG 0.24657 0.664788 0.0886422 
staff-assembly-picnic_750x300.jpg 0.0244589 0.00748592 0.968055 
vlcsnap-2017-03-27-17h18m06s130-1490618849.png 0.82865 0.148554 0.0227961 
mealtime_14.jpg 0.0101762 0.858563 0.131261 
DTBK_News_38th-Anniversary-of-the-Victory-of-the-Islamic-Revolution-in-Iran-442x276.jpg 0.00278673 0.937731 0.059482 
xfarmers-protest-06-1496741343.jpg.pagespeed.ic.hK2gbUbavp.jpg 0.725599 0.00652982 0.267871 
16999249-10155250398274448-5662713975774643077-n_orig.jpg 0.000860592 7.46339e-06 0.999132 
170209-charles-oakley-game-feature.jpg 0.519682 0.454739 0.0255794 
text278_1.jpg 0.00540812 0.875987 0.118605 
AP-may-day-protests-3-jt-170501_12x5_1600.jpg 0.996419 0.00186213 0.00171844 
_93730762_037414978-1.jpg 0.968304 0.00758485 0.0241113 
1-008.jpg 0.00430691 0.538036 0.457657 
Toni-L.-SandysThe-Washington-Post-1024x693.jpg 0.10047 0.169312 0.730218 
GTY-womens-march-philadelphia-jt-170121_4x3_992.jpg 0.86331 0.132383 0.00430718 
a61545dd46784f18a83e925534f90321_18.jpg 0.986447 0.000174662 0.0133788 
161111-missouri-trump-protest-feature.jpg 0.224058 0.771488 0.00445337 
_85574654_029083474-1.jpg 0.012697 0.922519 0.0647836 
protest-002.jpg 0.967566 0.0212697 0.0111645 
2017-05-01T191657Z_104903429_RC150E1FFCA0_RTRMADP_3_MAY-DAY-USA-PROTESTS.jpg 0.897646 0.0977193 0.00463426 
1_sad.jpg 0.0149427 0.235626 0.749431 
2017-03-26T092956Z_182558631_RC16E645CC50_RTRMADP_3_RUSSIA-PROTESTS.jpg 0.92924 0.0662225 0.00453737 
cosplay_picnic_group_shot_by_kellyjane.jpg 0.0481198 0.882875 0.0690054 
Wagner3.jpg 0.00315073 0.720694 0.276156 
8597372-3x2-940x627.jpg 0.229753 0.762443 0.00780351 
27MAY17-PKG-PR-PTI-MPA-1500.jpg 0.511828 0.486403 0.00176891 
H16_Puerto_Rico_Student_Protest.jpg 0.667288 0.304149 0.0285635 
app=portal&sig=51bb5d0af651d7aec4a10085af72a45b1861319cd3f8649845ba7095250d4d73.jpg 0.210158 0.779236 0.010606 
Moriarity Picnic1983 pic 2 PH.jpg 0.0638536 0.0786551 0.857491 
gang-2.jpg 0.614831 0.324419 0.0607495 
Student-protest.png 0.990844 0.00854921 0.000606274 
1f913f304d4265684fea960106d1132a_when-families-live-together_featuredImage.jpg 0.0109931 0.000915614 0.988091 
26Grillo2-superJumbo.jpg 0.393859 0.587928 0.0182126 
Bangladesh_May_Day_S.jpg 0.99649 0.000957319 0.00255243 
Vibrant-Gujarat-2017-Mahatma-Mandir.jpg 0.034083 0.433416 0.532501 
58c95d0ca8596.jpg 0.019635 0.012337 0.968028 
494540_home_hero.jpg 0.0288678 0.0939705 0.877162 
greenberg_1-020515.jpg 0.201924 0.77965 0.0184263 
obama-modi-.jpg 0.00190802 0.00364287 0.994449 
P113011LJ-0131.jpg 0.00288686 0.976571 0.0205424 
17-jadavpur-university-protest6.jpg 0.99782 0.00217587 4.41633e-06 
trump-protest-1.jpg 0.925634 0.06963 0.00473594 
PIC.13.-2019-AFCON-QUALIFIER-BETWEEN-SUPER-EAGLES-AND-BAFANA-BAFANA-IN-UYO.jpg 0.00600929 0.0110234 0.982967 
20170128_115635.jpg 0.0500501 0.038283 0.911667 
A888F8EB-78C7-4AA1-A4CD-0B50FA474FFE_cx0_cy7_cw0_w1023_r1_s.jpg 0.389253 0.600055 0.0106918 
4331615770_2a00ea4a12_o.jpg 0.0030733 0.994848 0.00207828 
2174e0486a539d96740fc3abf8032de2.jpg 0.759794 0.237168 0.00303731 
2015_4$largeimg03_Apr_2015_010836920.jpg 0.0355719 0.373125 0.591303 
Jagapathi_Babu_with_Shruti_Haasan_at_Filmfare_Awards_2014.jpg 0.00507082 0.0243397 0.97059 
dem-2016-clinton.jpeg25-1280x960.jpg 0.00379324 0.0011165 0.99509 
girls_weekend.jpg 0.00166174 0.0072201 0.991118 
Picnic-Group-Photo.jpg 0.21924 0.0927472 0.688013 
April_2017.jpg 0.201214 0.741809 0.0569767 
jk-july21.jpg 0.115775 0.826832 0.0573934 
panchkula-manimajra-hindustan-members-victim-cremation-mother_ff56e3fe-34d6-11e7-b30b-76e7402dac55.jpg 0.866416 0.121064 0.0125195 
03-the-edge-and-bono-of-u2-2016-iheartradio-fest-bb9-2017-billboard-1548.jpg 0.0263798 0.964909 0.00871121 
Audience members peruse the graduation booklet.jpg 0.228139 0.742371 0.0294898 
44b0004f109b4283b923f1037cf6e721_8.jpg 0.947384 0.0388839 0.0137325 
dannyandthechampions-420x260.jpg 0.099548 0.813275 0.0871768 
State_funeral_of_2017_Tehran_attacks_victims_in_behind_of_the_Parliament_of_Iran_2017-06-09_04.jpg 0.250332 0.610629 0.139039 
Screen-Shot-2017-03-24-at-9.51.21-AM.png 0.0325897 0.00682258 0.960588 
0519-0908-0620-4302_group_of_people_at_a_congressional_picnic_on_the_south_lawn_of_the_white_house_o.jpg 0.000933995 0.000493508 0.998572 
TrumpInaugurationProtest_012017_Web_05.jpg 0.144152 0.853577 0.00227125 
Malayil+Gathering+2014-01.png 0.0481793 0.943092 0.00872859 
600x400-student-group.jpg 0.00553106 0.000317737 0.994151 
122611181.jpg 0.0020864 0.00190051 0.996013 
19985878_138352320079967_8630511351363534848_n.jpg 0.00144096 0.00109684 0.997462 
abvp-1490864283.png 0.492877 0.501334 0.00578916 
512744054.jpg 0.00640047 0.0207705 0.972829 
1238158-family-group-relaxing-outdoors-in-autumn-landscape.jpg 0.00230086 0.000307865 0.997391 
File-Jul-11-10-23-53-AM.jpeg 0.0200711 0.00599124 0.973938 
_93340241_mediaitem93340237.jpg 0.941915 0.0565107 0.00157475 
1565078407_ba15a6f5bc_b.jpg 0.000580263 0.874997 0.124423 
Chesnut Family_full.jpeg 0.0597319 0.535817 0.404451 
Indian-Ocean-Rim-2015.jpg 0.00341235 0.927123 0.0694642 
tutBdEs.jpg 0.0142259 0.771943 0.213831 
Modi-7_20170110_600_855.jpg 0.00295521 0.993839 0.00320571 
Australia_-_Ireland_15-11-2006-1.jpg 0.0120449 0.0136368 0.974318 
C4sivdNW8AIzD9e.jpg 0.928066 0.0630868 0.00884682 
picnic_slide-51.jpg 0.0057747 0.912111 0.0821142 
1054298199.jpg 0.0184121 0.971869 0.00971912 
110517-F-3646G-1646.JPG 0.235744 0.711349 0.0529066 
mithivirdi.jpg 0.141339 0.704292 0.154369 
1989-0600a06-Group-Picnic-NS.JPG 0.0552191 0.757606 0.187175 
vdodara-ptotest-1.jpg 0.284181 0.00292047 0.712899 
la-fg-mexico-priest-funeral-20160921-snap.jpg 0.858753 0.101056 0.0401915 
belarus_protest_2017_ok.jpg 0.98814 0.011442 0.000417965 
IMG_9205-1024x917.jpg 0.00842983 0.439272 0.552298 
GMH101399691_hd.jpg 0.219115 0.778284 0.00260056 
proclamation-photo.jpg 0.00308837 0.449458 0.547454 
cct-berktrump-0305-19.jpg 0.416824 0.573367 0.00980894 
2017May4_DSC_4070.jpg 0.0833 0.913079 0.00362082 
Pankaj_Jal_and_Ghasiram_Mishra_during_25th_Odisha_State_Film_Awards_02.jpg 0.10487 0.876605 0.0185248 
Group-photo.jpg 0.0245785 0.292333 0.683088 
151027-F-NE600-009.JPG 0.0653041 0.698791 0.235905 
PAY-Rotherham-United-v-Millwall-001.jpg 0.532869 0.377539 0.0895915 
17-convocation_july_2011.jpg 0.0639634 0.885154 0.0508822 
200280664-001-three-generation-family-sitting-at-a-gettyimages.jpg 0.00202948 0.0373843 0.960586 
djLvW50BZDwrWrUNwI8jYc9fAHoF9oHK.jpg 0.0395628 0.946972 0.0134654 
kids-group-shot.jpg 0.000141611 9.19545e-05 0.999766 
2017_4$largeimg28_Apr_2017_122418180.jpg 0.296997 0.694088 0.00891497 
p04q9c3g.jpg 0.941437 0.0552856 0.0032777 
2017_Chad_Preschool_Iridimi_JRS_McPherson.jpg 0.0989705 0.181353 0.719676 
Kashmir --621x414.jpg 0.907815 0.0859902 0.00619473 
_85199690_img_8328.jpg 0.861963 0.00283013 0.135207 
dc_happy_3__large.jpg 0.00270221 0.0455629 0.951735 
gujarat-kObG--621x414@LiveMint.jpg 0.790084 0.18921 0.0207059 
hHDIPAC5wI4GCcukLAf7KmvqYI1SbZxI.jpg 0.018087 0.942519 0.0393942 
813878376.0.jpg 0.05813 0.351203 0.590667 
occupy-wallstreet-police-crowd.jpg 0.915864 0.0720782 0.012058 
khedut1.jpg 0.834334 0.160925 0.004741 
133705.png 0.0210513 0.045435 0.933514 
dc-Cover-9r6oh7m4dmbgigd4amp3i0ipp2-20160816195008.Medi.jpeg 0.971159 0.0275722 0.00126897 
la-me-ln-protest-trump-20161109.jpg 0.0268139 0.0140249 0.959161 
32760699240_163860dcb4_b.jpg 0.000100494 0.000481015 0.999419 
defense-large.JPG 0.826586 0.167452 0.00596099 
1438A509-560B-455C-A77E-959783B9FE39_w1023_s_s.jpg 0.825701 0.166283 0.00801594 
ImageShufflerImage_10096582.jpg 0.00470171 0.0034587 0.99184 
2016-family-getaway-464x358.jpg 0.00174393 0.000387552 0.997869 
trump-bpc-protest-2017-02-02-v02VILPRINT_WEBWEB-600x450.jpg 0.998424 0.00132587 0.000249912 
PFG05 Protesta News rk.jpg 0.915424 0.00842488 0.0761508 
IMG_0114.jpg 0.00107121 0.00496367 0.993965 
26918316641_0cd8127037_b.jpg 0.186225 0.767218 0.0465573 
2017-03-12T033533Z_1_LYNXMPED2B03L_RTROPTP_3_HAITI-PREVAL.jpg 0.393313 0.590506 0.0161809 
xrsz_636022408689444546-1846983907_family-party1-805x659.jpg.pagespeed.ic.xopC0vDzLR.jpg 0.0633198 0.890264 0.0464161 
612255_thump.jpg 0.0474768 0.937973 0.0145499 
550e6e478db941eeb73aece5d1e3d913_18.jpg 0.972377 0.00515297 0.02247 
broken-social-scene-reunion-album-new-update.png 0.0221309 0.0199971 0.957872 
553203-abvp3.jpg 0.95991 0.00975983 0.0303303 
3.jpg 0.000611201 0.0829015 0.916487 
100_4706.jpg 0.000786828 0.287303 0.711911 
sjm-mayday-0502-071.jpg 0.969993 0.0157865 0.0142203 
2013_10_0.jpg 0.0130735 0.000268362 0.986658 
AZ_Oikocredit_La+Paz+-+Bolivia2014_468.jpg 0.141766 0.625551 0.232683 
3690581440001_5291784762001_image-1485015224745.jpg 0.386122 0.606361 0.00751717 
health-politicians-people-featured.jpg 0.00249549 0.995117 0.0023877 
gujarat-women-protest.jpg 0.287085 0.675879 0.0370361 
15495660881_aa7cec7530.jpg 0.278175 0.707597 0.0142284 
chelsea-handler-charlize-theron-womens-march-2017-billboard-1548.jpg 0.99844 0.000189056 0.00137054 
IMG_3807.jpg 0.000578714 0.000828521 0.998593 
3b3982cdc0864978d1ddda2ab1f6315e.jpg 0.243674 0.688448 0.0678783 
14townhall1-master768.jpg 0.0334921 0.963377 0.00313106 
15247912622_c9f225ebda_b.jpg 0.00248415 0.0010902 0.996426 
famreunion-1.jpg 0.00467311 0.0580008 0.937326 
2474_d047_00007_rv2_crop_s_-_embed_2017.jpg 0.00207274 0.99627 0.00165684 
026jan17-kjsdbf-30.jpg 0.43703 0.550538 0.0124324 
d3b3799d6611d677944f5f86a500beb3_L.jpg 0.0235818 0.07127 0.905148 
ap_hillary_clinton_ss_presidential_campaign_lpl_121024_9x7_1600.jpg 0.0256271 0.888094 0.0862788 
Protest-1487765300.jpg 0.991787 0.00784912 0.00036362 
2016_Convocation_Spring.jpg 0.0565374 0.865451 0.0780116 
Protests_in_Jantar_Mantar,_Delhi_against_the_ban_on_Jallikattu.jpg 0.0216873 0.976288 0.00202463 
Houston-JDRF-Promise-Ball-Havana-Nights-May-2017-Drew-Dougherty-Vita-Dougherty-Paige-Fass-Richard-Fass_084629.jpg 1.09017e-05 7.50793e-06 0.999982 
592169-gsebhscresults2017.jpg 0.000350214 0.00012162 0.999528 
800.jpg 0.367872 0.628708 0.00342048 
7_1488097440.jpg 0.0278209 0.97085 0.00132903 
1a280bc1403b035157b08f59880645d1.jpg 0.430536 0.358826 0.210638 
WhatsApp-Image-2017-01-05-at-3.02.19-PM.jpeg 0.0429925 0.422093 0.534915 
Quirk_Picnic_Group.jpg 0.0213713 0.874657 0.103971 
Kansas5.jpg 0.938431 0.0412108 0.0203585 
family-reunion-photo-ideas-get-playful-1024x683.jpg 2.32904e-05 1.46786e-06 0.999975 
6860876699_6609551084_o.jpg 0.000946536 0.933482 0.065571 
attrocities-on-Dalit-Reu.jpg 0.838378 0.00676016 0.154862 
170211-N-DE005-002.JPG 0.00370107 0.41124 0.585059 
patel-480.jpg 0.208892 0.778169 0.0129388 
36-NYUSPS-Grad-RadioCity-1999.jpg 0.00580787 0.000767062 0.993425 
81-atxl1.jpg 0.128768 0.864799 0.00643226 
venez-slide-MD8K-superJumbo.jpg 0.845968 0.133659 0.0203739 
920x920.jpg 0.949772 0.0323851 0.0178432 
Jallikattu-Protest-Law-Tamil-Nadu.jpg 0.0629526 0.932667 0.00437985 
179939_0l2bxretv3xcz5wvv.JPG 0.00153042 0.118047 0.880422 
27181256590_ac7b4cbb38_z.jpg 0.000108632 1.63489e-05 0.999875 
IMG_7052-750x500.jpg 0.000198888 0.0107306 0.98907 
uk_henderson_518.jpg 0.150669 0.201865 0.647466 
bijnor-1491998946.jpg 0.996023 0.00382211 0.000154719 
4.jpg 0.00121549 0.996895 0.00188943 
Visita_a_Israel_para_el_Funeral_de_Estado_de_Shimon_Peres_29394201744.jpg 0.444716 0.551515 0.00376961 
25-1422165831-obama-michelle-modi-604.jpg 0.000213516 0.000277109 0.999509 
PSX_20170324_145622.jpg 0.993562 0.00597073 0.00046705 
dalits-protest.jpg 0.992586 0.00685184 0.000562284 
ZacBrownBand.jpg 0.261659 0.72787 0.0104711 
dalitinside220716mb_072216065908.jpg 0.989814 0.00744426 0.00274156 
bill-hillary-clinton.jpg 0.44742 0.504958 0.0476226 
familymeal.jpg 0.00116747 0.114886 0.883946 
people-in-large-numbers-stage-a-demonstration-in-494187.jpg 0.99995 3.8477e-05 1.1635e-05 
rtd_funeral_murder_denver_02062017_rj_11596.jpg 0.0586748 0.935266 0.00605869 
bill-clinton-hillary-clinton-house-clinton-finished-c-r.jpg 0.0139497 0.0237094 0.962341 
665003303001_5338344441001_5338243172001-vs.jpg 0.401015 0.462852 0.136133 
IMG_6614.jpg 0.00530612 0.874275 0.120419 
the_group_.jpg 0.0169218 0.970949 0.0121296 
572478-parents-protest-050617.jpg 0.0862455 0.871716 0.0420388 
gettyimages-632958482_wide-41c5f09b3477a386385ec500cc739b83088c0345-s900-c85.jpg 0.993601 0.0043184 0.00208096 
imrs.php.jpg 0.0324694 0.0887358 0.878795 
PROTEST-AT-AIRPORT-ROAD.jpg 0.897141 0.0922716 0.0105873 
article-2707754-200B094000000578-129_634x427.jpg 0.085674 0.858481 0.0558448 
140321-F-DY859-080.JPG 0.179177 0.776114 0.0447092 
ABVP-AISA-clash-at-DU-over-JNU.jpg 0.9917 0.00710809 0.00119229 
2017-Stampede-Royalty-1.jpg 0.000735294 0.00205879 0.997206 
Caracas-demostrators.jpg 0.976938 0.0091701 0.0138924 
ShowImage.ashx.jpg 0.970197 0.0137634 0.016039 
404_11_03_54_Ek_Din_ka_Bagicha_garden_dedicated_to_people_H@@IGHT_661_W@@IDTH_990.jpg 0.116526 0.0875215 0.795953 
KZk8qtcysWMBAXKScsLzHAXaSxLVGW6p.jpg 3.65931e-05 0.989797 0.0101664 
140923-F-ZU869-024.JPG 0.000586362 0.00756537 0.991848 
Picnic+Group.jpg 0.00696113 0.915071 0.0779678 
5754_10208305674982862_8907582667511599708_n.jpg 0.00355086 0.00016196 0.996287 
635667014172366740-MSUConvocation-2.jpg 0.024106 0.0475812 0.928313 
Secretary_Kerry_Meets_With_King_Abdullah_II_Before_World_Economic_Forum_in_Jordan_(2).jpg 0.111362 0.773747 0.114891 
gallery-1486223357-soaps-hollyoaks-celine-mcqueen-funeral-5-28277217733884984094800480747477742727020747.jpg 0.0593003 0.936764 0.00393562 
gp4.jpg 0.00246219 0.197502 0.800036 
1008981-image-1449942945-127-640x480.JPG 0.706547 0.0107592 0.282694 
ap_17042685774122-b7a047cf716710b4199778b1759af6d4c7756f7e-s900-c85.jpg 0.984659 0.0148845 0.000456874 
maxresdefault-004.jpg 0.354746 0.621296 0.0239588 
rahul759.jpg 0.993661 0.00603249 0.000306166 
CK5A0602_v4.jpg 0.0201844 0.949007 0.0308089 
abvp_protest20140812_600_855.jpg 0.158811 0.193022 0.648167 
21-1484906911.jpg 0.345393 0.652291 0.00231632 
url= cmsmedia a4 552336df5c00fd1ccaa455a5be4bbc tag reuters.com,2017 newsml_LYNXMPED4M0BL 12017-05-23T051635Z_1_LYNXMPED4M0BL_RTROPTP_3_JAPAN-POLITICS-CONSPIRACY.JPG 0.898193 0.0756365 0.0261706 
1024x1024-003.jpg 0.0571559 0.00480557 0.938039 
group_6_2016_3.jpg 0.00253407 0.0128926 0.984573 
2011Fall_Convocation.jpg 0.0382262 0.411397 0.550377 
chandigarh-university-hindustan-students-chandigarh-february-students_17bc9f94-fcfe-11e6-905d-7be79ae01fbf.JPG 0.391354 0.589474 0.0191716 
eva-8-13-picnic.jpg 0.0420607 0.59959 0.358349 
tickets.jpg 0.0920956 0.332519 0.575385 
24walk2.jpg 0.96137 0.035364 0.00326602 
03Clinton-web1-master768.jpg 0.0902223 0.00248263 0.907295 
groupphoto.jpg 0.00349321 0.0971474 0.899359 
Alan-Jackson-Mom-Ruth.jpg 0.0872564 0.0800819 0.832662 
cricket-ct-2017-ind-sri_2781188c-4ce1-11e7-942b-1b07039b2a8c.jpg 0.528534 0.437431 0.034035 
abvp-activists-protest_cf314e34-fef4-11e6-97dc-08322d33dfd3.jpg 0.881431 0.0803067 0.0382621 
DSC_0007.jpg 0.792994 0.111705 0.0953012 
08bbdc5b37ca47d0975834576141a751.jpg 0.206356 0.789982 0.00366191 
Kalburgi.jpg 0.634495 0.304786 0.0607193 
file.jpg 0.00743242 0.00126235 0.991305 
59276225.jpg 0.873422 0.123414 0.00316366 
Rockingbirds-600x400.jpg 0.0511544 0.932084 0.0167614 
gettyimages-694264442.jpg 0.00289182 0.00633277 0.990775 
cq5dam.web.400.400.jpeg 0.00720648 0.137936 0.854857 
maxresdefault-005.jpg 0.0642847 0.105045 0.830671 
pu-reopens-four-days-after-student-clash-5b59d010e5570cf28a2a546f16ec1bac.png 0.958236 0.0366103 0.00515403 
Stakeholder_Dialog_Studenten_1col_Mailand_2017.jpg 0.433942 0.514418 0.0516407 
_92291916_obamaclinton.jpg 0.0224669 0.00184985 0.975683 
1_maxresdefault-005.jpg 0.530265 0.459525 0.0102094 
Silbiger_protests-2-1140x760.jpg 0.906322 0.0341103 0.0595676 
family-relationship-building.jpg 0.0692353 0.0352405 0.895524 
160807-Z-PW099-001.jpg 0.00136518 0.973171 0.0254642 
29_sld1.jpg 0.0114768 0.284608 0.703915 
LG001-boho-picnic-wedding-charlene-schreuder.jpg 0.0285916 0.262579 0.708829 
314ab4de-40ab-4805-9fad-bdbfd3ac5114.jpg 0.783393 0.210643 0.00596386 
bharuch-759.jpg 0.954089 0.0375699 0.00834115 
ap_ap-photo1501.jpg 0.743031 0.239009 0.0179603 
por24.jpg 0.00146428 0.000679203 0.997856 
wtfwedblog-580.jpg 0.00215626 0.00166001 0.996184 
2F9C14C100000578-3374166-image-a-20_1451068601081.jpg 0.180165 0.638188 0.181648 
dalit+arrest-002.jpg 0.777279 0.219726 0.00299441 
d7ea903b24244ee0.jpg 0.0217278 0.974601 0.0036712 
screen shot 2017-02-27 at 143429.png 0.0276339 0.0232347 0.949131 
Passing-of-the-Gavel-Photo.jpg 1.51388e-05 2.75874e-05 0.999957 
unnamed-3.png 0.998288 0.00169495 1.70462e-05 
JNUabvp_B_190216.jpg 0.996515 0.00307698 0.000407933 
32760812930_0a979ae340_b.jpg 0.000145544 0.000964375 0.99889 
x240-l7c.jpg 0.699253 0.158334 0.142413 
Wikimedia_Diversity_Conference_2013_22.jpg 0.00404155 0.954329 0.0416295 
Group2.jpg 7.42113e-05 5.94049e-05 0.999866 
12-angry-men-anniversary.jpg 0.023044 0.953669 0.0232868 
7F10A9D4-1A71-4ECC-BF99-5942EAB4ACFD_w1023_s_s.jpg 0.0066931 0.992552 0.000754755 
849x493q70Kgalema-on-Kathy.jpg 0.20246 0.793873 0.00366649 
bollywood-actor-ranjeet-poet-gulzar-filmmaker-subhash-ghai-actor-picture-id674277358.jpg 0.334565 0.660574 0.00486102 
598522-cbse-1.jpg 0.00688852 0.00190979 0.991202 
EV2017_GE_MR089.jpg 0.147611 0.82153 0.0308588 
screen shot 2017-02-23 at 164431.png 0.0416327 0.0222153 0.936152 
calgary-gaza-protest.jpg 0.993315 0.00254115 0.00414435 
premier-stadium-hindustan-enjoying-gujarat-cricket-between_f9c1a044-3334-11e7-9a19-4de5eae5ad18.jpg 0.164406 0.00100236 0.834592 
protests-erupt-jallikattu-tn-to-lift-ban_a2f1ecb0-ddb2-11e6-a538-54bd197a5a1b.jpg 0.920397 0.00526542 0.0743374 
Untitled56.jpg 0.669234 0.316592 0.0141737 
manny-pacquiao.png 0.0146485 0.00601452 0.979337 
family-get-together-002_1.png 0.00843718 0.0310959 0.960467 
DSC01503-1.jpg 0.00331179 0.99032 0.00636829 
f0dd5948ac524e44beedfd908260cbf1-780x550.jpg 0.0895698 0.903 0.00742996 
36-convocation_july_2011.jpg 0.062865 0.10165 0.835485 
DAUrF7KXgAIWax2-696x464.jpg 0.0380517 0.941278 0.0206704 
obamatribes111213.jpg 0.00200488 0.992361 0.00563378 
8023269553_55d1dd4244_z.jpg 5.47492e-06 0.000147108 0.999847 
xxUbSXvItpZAfgHo2bSTvO2e0wVur22T.jpg 0.00278544 0.991157 0.00605804 
VASH111-621_2017_221057_Super_Portrait.jpg 0.633554 0.349943 0.0165027 
20170306_151622_resized.jpg 0.000222143 0.999685 9.29716e-05 
15-1363328802-1.jpg 0.0820924 0.885431 0.0324766 
venezuela-marcha-salud-5.jpg 0.993291 0.00614483 0.000564077 
jadav_jpg_2117550g.jpg 0.996174 0.00326394 0.000561773 
1493796102_5.jpg 0.217027 0.595523 0.18745 
126901011.jpg 0.0918169 0.526399 0.381784 
russia-protest-ap-img.jpg 0.723934 0.259915 0.016151 
1280_kim_kardashian_north_obama_twitter.jpg 0.0301649 0.201122 0.768713 
IMG_3701-320x320.jpg 0.00243272 0.0191119 0.978455 
hazara.jpg.size.custom.crop.1086x754.jpg 0.992772 0.00204464 0.00518362 
gettyimages-610822636-1.jpg 0.0741121 0.237372 0.688516 
27prabhas1.jpg 0.0295619 0.333309 0.637129 
cosplay_picnic_group_photo_2_by_tomoyo_hime.jpg 0.0380749 0.539384 0.422541 
maxresdefault.jpg 0.999717 0.000260714 2.20961e-05 
Pankaj Vohra- Delhi BJP.jpg 0.888139 0.00589171 0.105969 
luka-modric-cropped_12f31sbu7w9c01bn055lcq7t4e.jpg 0.0748969 0.719675 0.205428 
unnamed-4.jpg 0.198843 0.745537 0.0556204 
_95377344_mediaitem95372087.jpg 0.701937 0.293984 0.00407966 
family-get-together-pic-1.jpg 0.00107966 0.548562 0.450358 
Karabo-13.jpg 0.410197 0.244614 0.345189 
venezuela-economy-crisis-currency_94f35aa8-c41d-11e6-913d-826c0833a15d.jpg 0.736878 0.250928 0.0121947 
up-migrants_650x400_71488438964.jpg 0.878973 0.0942755 0.0267518 
trump-rally-violence-07.jpg 0.347641 0.253701 0.398659 
2017-03-asia-philippines-photo-06.jpg 0.130298 0.852729 0.0169722 
bansal-murder-1484303219.jpg 0.012749 0.98316 0.00409096 
04-03-2017_01_may1_presser_32bjseiu-670x447.jpg 0.0657876 0.933117 0.00109565 
x-factor-tour-final.jpg 0.0337049 0.0299145 0.936381 
women-congress-modi-mother-4-1.jpg 0.440717 0.551292 0.00799114 
qicrF5ahdcfbj.jpg 0.999573 0.000197397 0.000229439 
thela-4-1484920965.jpg 0.0847795 0.911815 0.0034054 
6a0120a5d7e374970c0133ecf8360a970b.jpg 0.00773034 0.0365194 0.95575 
hillary-clinton-911-1024-1.jpg 0.201593 0.77957 0.0188371 
2395b_chinese_new_year_dinner_promotion_singapore_2013_W020121115643942185219-714864.jpg 0.000134041 0.52284 0.477026 
Group-shot-Climate-Picnic-for-web.jpg 0.0257045 0.110346 0.863949 
wpid568-07-25-2009-Swanstrom-Family-Reunion-7304-D700-090725-Edit.jpg 0.00782245 0.00874297 0.983434 
10mohan3-inyt-master675.jpg 0.0410678 0.941386 0.0175459 
picnic-group-resized.jpg 0.00435314 0.0452479 0.950399 
170121135655-womens-march-marseille-exlarge-169.jpg 0.998114 0.00168159 0.000204775 
42E2879D-35CB-4BE8-A403-71574571A0D9_w1023_r1_s.jpg 0.0906487 0.891922 0.0174296 
7355bd9cb383492aa55c4884984dca67_18.jpg 0.777181 0.0139409 0.208878 
28_000_Was3750555.jpg 0.00456377 0.00308459 0.992352 
rAHAxs9uwLbUDYsKsgpe6E1Nd2gG1Uyb.jpg 0.090515 0.895366 0.0141186 
05012017_westlakepromayday_175012-1020x728.jpg 0.912379 0.0772276 0.0103933 
_34A5076aaaaaaaaaaaaaaa.jpg 0.573254 0.381079 0.0456667 
09ukraine2-blog480.jpg 0.962749 0.0273711 0.00987974 
unhappy-people1.jpg 0.236799 0.721106 0.0420945 
Great-softball-with-Okotoks-On-Deck-just-steps-away-from-Riverbend-Campground-Okotoks1.jpg 0.078864 0.722036 0.1991 
beating-froome-team-sky-2017-tour-de-france.jpg 0.111387 0.0609024 0.827711 
Gujarat-Ranji-celebration-PTI.jpg 0.085027 0.0201594 0.894814 
TSWH-Pic.jpg 0.0951225 0.520662 0.384216 
j-k-protests_660_072013022310.jpg 0.990021 0.00332913 0.00665039 
H03_Sit_In.jpg 0.969303 0.0148104 0.0158861 
Nurse-protest_20170110_600_855.jpg 0.983228 0.0139801 0.00279195 
2017-Stampede-Royalty-2.jpg 6.86238e-05 4.01321e-05 0.999891 
16corpsehotel-1-superJumbo.jpg 0.339489 0.644152 0.016359 
2623647402.jpg 0.0201233 0.749096 0.23078 
grp_pic.jpg 0.705498 0.0418484 0.252654 
stfff-group-at-picnic2.jpg 0.00150614 0.0118749 0.986619 
protest3.jpg 0.994873 0.00450209 0.000625117 
_middle_120916VballvsOSU_15.jpg 0.0227138 0.00336739 0.973919 
557330-jat-protest-031717.jpg 0.893377 0.0862327 0.02039 
100826-F-6063W-010.JPG 0.15715 0.806089 0.0367611 
ezra.png 0.0598309 0.0584651 0.881704 
1667276975.jpg 0.991992 0.00744296 0.000565093 
2-1486223738.jpg 0.77448 0.183786 0.0417347 
042917 NRA Protests 029.JPG 0.81981 0.179872 0.000318189 
screen-shot-2017-02-08-at-9-08-28-pm.png 0.165933 0.821389 0.0126787 
Hu_Jintao_and_Barack_Obama_2009.jpg 0.0579275 0.920367 0.021706 
YapLeeHua-14.jpg 0.000317654 7.38921e-06 0.999675 
30VALLEY2-master768.jpg 0.291433 0.707356 0.00121101 
Former-Campers...Current-staff.jpg 0.00755938 0.0310782 0.961362 
gujarat-riot-victims-pucl-pti.jpg 0.966125 0.0328511 0.00102433 
2017A0119.jpg 0.309627 0.430659 0.259714 
ny4bc7hnrqtd3lmyc9ow.jpg 0.756648 0.168649 0.0747035 
acting-class-555x705.jpg 0.75585 0.0153411 0.228809 
DSC03858.jpg 0.019703 0.0222014 0.958096 
maxresdefault-003.jpg 0.257955 0.0882436 0.653802 
1997_Convocation.jpg 0.0131251 0.970066 0.0168092 
2014-Church-Picnic-017.JPG 0.00155491 0.831853 0.166592 
riot_police_confront_protesters_near_the_bank_of_e_8076680694.jpg 0.917951 0.0489356 0.0331132 
DSC_5778.jpg 0.343562 0.625211 0.0312272 
gujarat-chief-minister-anandiben-patel-meets-the-437815.jpg 0.0861666 0.894902 0.0189316 
INDIA_-_0721_-_Proteste_Gujarat.jpg 0.985204 0.00286492 0.0119311 
isis-cover.jpg 0.567596 0.380665 0.0517396 
104329337-GettyImages-632208828.530x298.jpg 0.25389 0.730603 0.0155076 
DSC_9018.jpg 0.0164734 0.878447 0.10508 
Family-Reunion.jpg 0.00687958 0.768932 0.224188 
sharab-bandi-1490118484.jpg 0.0695893 0.924245 0.00616545 
23rohith3.jpg 0.0621384 0.903908 0.0339538 
actoras-funeral-crematorium-prodip-their-oshiwara-respects_b0bc5e7e-3bcd-11e7-8e2c-04c6be70fea0.JPG 0.0621726 0.893259 0.0445687 
00H2OZ-30744284.jpg 0.000578912 0.0168707 0.98255 
GFG10BR34.5-1.jpg 0.00034732 6.10046e-05 0.999592 
dalits11.jpg 0.810403 0.0052129 0.184384 
gettyimages-632302308.jpg 0.825511 0.0556473 0.118841 
apistanislausHappy-Friendsgiving-fam-Thanks-to-everyone-who-came-out-Congrats-to-our-new-board-members.jpg 0.0031078 0.00928018 0.987612 
