2477_D010_00247_CROPV2.jpg_cmyk.jpg 0.126808 0.759531 0.113661 
BwFsqjdCIAEIMhk.jpg 0.491028 0.45217 0.0568023 
Soccer101IndirectFreeKick.jpg 0.0243638 0.452345 0.523291 
abvp_0f5d17f2-ff42-11e6-abb0-ce03674c2ba4.jpg 0.964853 0.0182006 0.0169465 
1498437236_image.jpg 0.00900445 0.197603 0.793392 
986692-BestFamily2017.jpg 0.000410435 0.032177 0.967413 
LabPicnic2010-Group.jpg 0.0168481 0.424109 0.559043 
000250801hr.jpg 0.0112634 0.265043 0.723693 
AGM-2013-Audience.jpg 0.0117597 0.870062 0.118178 
59505948.jpg 0.0238947 0.888049 0.0880558 
family-get-together-002.jpg 0.00645426 0.654176 0.339369 
67_main.1485707539.jpg 0.148873 0.583794 0.267333 
COLLINS-Richard-Collins-III-casket-being-taken-out-church-by-Travis-Riddick-5-26-2017.jpg 0.303868 0.607177 0.0889551 
14283697682_91f1498a61_b.jpg 0.00429941 0.100732 0.894969 
maxresdefault-001.jpg 0.978697 0.018006 0.00329695 
groupphoto3617.jpg 0.00158736 0.0489182 0.949494 
GettyImages-104304702-58b464db3df78cdcd80e53aa.jpg 0.213573 0.749495 0.0369318 
58779876.jpg 0.998072 0.00178439 0.000143959 
1513.jpg 0.2728 0.635481 0.0917191 
2016_0821_group_picnic.jpg 0.00489337 0.166659 0.828448 
up-election-4th-phase_650x400_51487824243.jpg 0.0604331 0.773637 0.16593 
Cast_&_Crew_Premiere_of_The_Lost_City_of_Z_at_Zoo_Palast_Berlinale_2017_02.jpg 0.0390601 0.596447 0.364493 
234A4275.JPG 0.747687 0.123879 0.128434 
0C0FC65A-676E-4079-8D26-43F10268D1F5_cx0_cy10_cw0_w1023_r1_s.jpg 0.153926 0.616389 0.229685 
Gobble-collage_3788-webcopy.jpg 0.00122196 0.0696614 0.929117 
000_ND97E.jpg 0.821406 0.0928263 0.0857672 
3828795150_c398057af7_z.jpg 0.00116382 0.0510421 0.947794 
r0_286_2014_1306_w1200_h678_fmax.jpg 0.0303158 0.322881 0.646803 
wgti_5_Slideshow.jpg 0.00845324 0.954516 0.0370307 
jallikattu-pti-8752.jpg 0.98935 0.00740395 0.00324597 
Meeting_of_the_BRICS_leaders_with_members_of_the_BRICS_Business_Council,_2016_(1).jpg 0.0977579 0.807458 0.0947837 
montreal-que-february-3-2017-mourners-arrive-at-the-c4.jpeg 0.515002 0.399462 0.0855359 
protest.jpg 0.996233 0.00356498 0.00020191 
picnic_l1.jpg 0.00528749 0.145762 0.84895 
0e5338b196e29ccf0d34477bf903e97f.jpg 0.0107291 0.194717 0.794554 
11722110_1152278944798564_3392952580607276464_o.jpg 0.00694985 0.137166 0.855884 
cropped-Picnic-Group.jpg 0.00762323 0.280561 0.711816 
PROTEST-DUMINICA-22-IANUARIE-2017-07_resize.jpg 0.855045 0.137479 0.00747675 
3321436213_09c8c500c1_b.jpg 0.000340877 0.018675 0.980984 
16corpsehotel-3-superJumbo.jpg 0.375516 0.554192 0.0702917 
21UNBUTTONED1-WEB-master768.jpg 0.00339087 0.415139 0.58147 
angels-of-evil-02.jpg 0.298854 0.471585 0.229561 
1__BDD9846_bestCMS_JPG_800x1000_q100.JPG 0.961676 0.0344732 0.00385116 
Family get together, Lane Cove Nat Park, 1989.jpg 0.00501133 0.148896 0.846093 
gettyimages-675483192_master.jpg 0.814113 0.135455 0.0504324 
IMG_7051-750x500.jpg 0.0229127 0.231176 0.745912 
feda71d3cccb4294a5cf79def0a9e677-780x520.jpg 0.978982 0.00943859 0.0115791 
_96006704_gettyimages-673109998-1.jpg 0.0842012 0.848176 0.0676227 
opposition-meets-president_650x400_61481876014.jpg 0.15104 0.722873 0.126087 
TrumpInaugurationProtest_012017_Web_01.jpg 0.0796005 0.908289 0.0121101 
G8-chiefs-Laurel-Cabin-patio.jpg 0.0201881 0.958997 0.020815 
Local-residents-protest-at-Sanand-Guj.jpg 0.0854961 0.142678 0.771826 
S_PRJFamilyd.jpg 0.00710358 0.0795518 0.913345 
150126084157-01-obama-india-0126-super-169.jpg 0.052767 0.316373 0.63086 
45ff93-20170331-bring-the-sing-duluth-2017-33.jpg 0.312628 0.536761 0.150612 
Prime_Minister_Narendra_Modi_with_French_President_Franois_Hollande_at_the_G20_Summit.jpg 0.00723106 0.939916 0.0528527 
653582110-e1489609344607.jpg 0.249276 0.51411 0.236614 
childchilrenexcitedinclassarticlehr16.jpg 0.0156446 0.274918 0.709438 
2.5.15_potus_dreamers_resolute_desk.jpeg 0.0121807 0.599126 0.388694 
doug-doskocil-funeral-2017-03-11.jpg 0.120888 0.746464 0.132647 
12-1421069580-jadavpur-university-protest3.jpg 0.994287 0.00429359 0.00141945 
family-parents-grandparents-Morsa-Images-Taxi-56a906ad3df78cf772a2ef29.jpg 0.000295825 0.00174245 0.997962 
2017+CMT+Music+Awards+Backstage+Audience+qYdk4drRHpmx.jpg 0.139538 0.655312 0.20515 
Egypt-Church-Bombing1.jpg 0.0292715 0.630167 0.340561 
PAY-Rotherham-United-v-Millwall.jpg 0.454612 0.477131 0.0682562 
2014-03-18T233111Z_1418564207_GM1EA3J0KPJ01_RTRMADP_3_VENEZUELA-PROTESTS-899x600.jpg 0.978533 0.0123572 0.00911003 
chandigarh-cremation-cremation-chandigarh-allegedly-hindustan-members_9b888bda-0ec4-11e7-9152-693fb265b0f1.jpg 0.0921116 0.624865 0.283023 
yowoto-family-get-together.jpg 0.0127851 0.0451021 0.942113 
DNDi-AMR-meeting.jpg 0.0195122 0.96967 0.0108181 
Transformations_in_the_Arab_World_Panel_World_Economic_Forum_2013.jpg 0.029963 0.536235 0.433802 
Dxc1oCACSEW3jxldYWYmZ75NbZ3AYFvV.jpg 0.0289473 0.952967 0.018086 
05012017_promayday_174116-1020x709.jpg 0.79023 0.132122 0.0776479 
IMG_6766.jpg 0.0028737 0.143139 0.853987 
fence-academy-congradulates-medical-license-exam-topper-uphsd.jpg 0.012389 0.149642 0.837969 
Coalville_-_Proms_in_the_Park_2016_(14).JPG 0.0211558 0.262628 0.716216 
7e4dc99c12a04a7aa5fd522d500d46a4_18.jpg 0.946406 0.0229041 0.0306897 
this-is-us-hospital.jpg 0.329944 0.518147 0.151909 
13govs-1-blog480.jpg 0.018144 0.432969 0.548887 
1-012.jpg 0.0113604 0.0755903 0.913049 
aiciprotest8082.jpg.size.custom.crop.1086x723.jpg 0.979563 0.0177132 0.00272354 
04-beyonce-jayz.w529.h529.jpg 0.0124903 0.154246 0.833263 
zach-scott-variety-camps-header.jpg 0.0341822 0.238971 0.726847 
NEET-klyF--621x414@LiveMint.jpg 0.992085 0.0076011 0.000313662 
tumblr_inline_ophceloiMq1utk29b_540.jpg 0.971958 0.0189131 0.00912909 
G8_Summit_working_session_on_global_and_economic_issues_May_19,_2012.jpg 0.0100328 0.939756 0.0502111 
russia-protests-2017-03-26t124210z-631775265-rc1711eb2000-rtrmadp-3-russia-protests-navalny.jpg 0.627358 0.331295 0.0413465 
get-together-L-Tbtno8.jpeg 0.00499517 0.352597 0.642408 
gujarat-women-3-001.jpg 0.005841 0.0416895 0.952469 
intern-picnic-group-erin-1024x645.jpg 0.0056385 0.306023 0.688339 
_93340244_mediaitem93340235.jpg 0.41434 0.504128 0.0815325 
Cong-protest-6_20170118_600_855.jpg 0.993444 0.00601869 0.000537394 
70758-Family-2017.png 0.00409006 0.0729707 0.922939 
Shillong-Meghalaya-3.jpg 0.110664 0.857867 0.0314685 
2017_2$largeimg112_Feb_2017_193655327gallery.jpg 0.446557 0.295639 0.257804 
59629a52d60c2.jpg 0.931719 0.0485362 0.0197445 
tag reuters.com,2017 newsml_LYNXNPED4H1YF 12017-05-18T212058Z_1_LYNXNPED4H1YF_RTROPTP_3_MOROCCO-PROTEST.JPG 0.895551 0.0345778 0.0698715 
161109170040-08-clinton-concession-speech-1109-exlarge-169.jpg 0.125729 0.700604 0.173667 
13493-mexico-riot.jpg 0.431033 0.395695 0.173272 
10hungary-master768.jpg 0.645564 0.287387 0.0670492 
mra-feature.png 0.943756 0.0507751 0.00546884 
funeral-635x357.jpg 0.0851686 0.801663 0.113168 
East_Coast_OP_Sponsors_Hope_In_Motion_Prosthetic_Support_Group-8-of-9.jpg 0.013584 0.182624 0.803792 
Royal_guards_from_1st_Infantry_Regiment_in_the_Royal_Funeral_of_Princess_Bejaratana_Rajasuda_(1).JPG 0.118782 0.53867 0.342547 
image-001.JPG 0.865458 0.120971 0.0135703 
1162_photo.jpg 0.460153 0.424835 0.115011 
Photo - Neighborhood group photo 5-20.JPG 0.182342 0.306862 0.510796 
protest-101916-12_64804155-900.jpg 0.979309 0.0176862 0.00300513 
GroupOPT2.jpg 0.00499268 0.118989 0.876019 
20170609_120322.jpg 0.0464848 0.220448 0.733067 
53924cc170b2a.image.jpg 0.0272989 0.111951 0.86075 
wgti_9_Slideshow.jpg 0.016424 0.95172 0.0318556 
Dalit-women-protest.jpg 0.0271635 0.135242 0.837594 
577958-abvp4.jpg 0.947415 0.0333947 0.0191908 
tower1-1bm1bmg-1024x683.jpg 0.0102778 0.792369 0.197353 
556845-protest-031517.jpg 0.786815 0.132604 0.0805815 
extended-family-portraits-nyc1(pp_w890_h530).jpg 0.0209658 0.311245 0.667789 
family-get-together-004.jpg 0.00386494 0.534591 0.461544 
malcombest4.jpg 0.00955637 0.284297 0.706146 
Ahmed-Kathrada-funeral.jpg 0.334464 0.591078 0.0744575 
zimbabwe-warriors-chan.jpg 0.0190875 0.372503 0.608409 
India-US-Bar-Shooting_sham-1-725x487.jpg 0.422784 0.498662 0.0785541 
Hasana-3.jpg 0.503341 0.436326 0.0603337 
1191554_Wallpaper2.jpg 0.234312 0.682284 0.0834031 
EPA2399489_Articolo.jpg 0.983583 0.0129663 0.0034508 
560fe60081b21dac461205f75cc9f6bb.jpg 0.476773 0.462005 0.0612213 
1390309629_AAP-protest.jpg 0.872667 0.0995111 0.0278217 
IMG_6763.jpg 0.00268096 0.384398 0.612922 
Balod-Chhattisgarh.jpg 0.0143498 0.959274 0.0263759 
170128162259-05-protest-at-jfk-0128-super-tease.jpg 0.985966 0.0107813 0.00325265 
Web-2015-Convocation-Ceremony-1-xx.jpg 0.110661 0.0721983 0.81714 
7th-heaven-reunion.png 0.00152432 0.11613 0.882346 
14285201774_fabedd4c48_b.jpg 0.326186 0.527679 0.146135 
happy_cast_web__large.jpg 0.00104752 0.032764 0.966188 
b91547ee1ac7b175a84966936997739b.jpg 0.406997 0.490852 0.10215 
hazarkhuwani-protest.jpg 0.893791 0.0351754 0.071034 
sjm-sfoprotest-0130-02.jpg 0.784781 0.195561 0.0196575 
Kodagu.jpeg 0.562857 0.387331 0.0498119 
PTI10_15_2016_000063B.jpg 0.967241 0.0233697 0.00938893 
IMG_20170222_120527.jpg 0.809934 0.127584 0.0624827 
g20_rain_PS-0133.jpg 0.041863 0.873314 0.0848226 
57b5f16b170000ae02c7405c.jpeg 0.9019 0.0542403 0.0438599 
IDC-Planning-Meeting-Dec-17-2016-New-York.jpg 0.00614123 0.561628 0.432231 
PARAMJIT-SINGH-MATRY.png 0.0671197 0.308499 0.624381 
c45d322937b0a5c0215791f263b8126d5060783ca3.jpg 0.402979 0.490968 0.106054 
547515-up-rahul-reuters.jpg 0.334381 0.642797 0.0228224 
e0019270_541c0ee9009c5.jpg 0.0272044 0.651437 0.321359 
RT-Otto-Warmbier-funeral-09-rc-170622_31x13_1600.jpg 0.0216337 0.671209 0.307158 
2017-06-17_new_32115139_I1.JPG 0.509203 0.337119 0.153678 
leith-hill-170507-jon-ohouston.jpg 0.103304 0.362416 0.53428 
29modi-meets-ceos1.jpg 0.00275575 0.107676 0.889568 
yourstory-rapid-responss-2.jpg 0.577116 0.371414 0.0514705 
Kunu_Bej_being_felicitated_during_25th_Odisha_State_Film_Awards.jpg 0.00516836 0.829205 0.165627 
GettyImages-682916922-1200x628.jpg 0.990613 0.00884193 0.000545533 
sukhoi-cremation-pankaj_PTI_social-1280.jpg 0.138245 0.421871 0.439885 
dims.jpg 0.0335995 0.848213 0.118187 
26Vatican-web-master768-v2.jpg 0.16244 0.755296 0.0822648 
aap-naliya-gangrape-759.jpg 0.981096 0.0158583 0.00304558 
IMG_3488.jpg 0.00315732 0.298827 0.698015 
53736-xmiaviqoxe-1489671241.jpg 0.197088 0.706649 0.0962632 
1-009.jpg 0.0142016 0.6037 0.382098 
venezuela-protests-and-violence-ap-640x480.jpg 0.0879764 0.32008 0.591943 
1024x1024-00-2.jpg 0.969812 0.0270891 0.00309928 
2017-04-10T103735Z_1_LYNXMPED390L7_RTROPTP_3_INDIA-KASHMIR.jpg 0.799208 0.0590255 0.141766 
itbuds_convocation3.jpg 0.0140398 0.204752 0.781208 
rajpoot-1-1485786663.jpg 0.384487 0.355322 0.260192 
WWW_3.jpg 0.0568553 0.537348 0.405797 
Patidar-youth-from-Keshod-Gujarat-welcome-Amit-Shah%E2%80%99s-cavalcade-with-eggs-696x389.jpg 0.0405653 0.395267 0.564167 
sjm-mayday-0502-041.jpg 0.972212 0.0239414 0.0038468 
14d326e9-60f9-42d0-a377-d0e99a29ea7c.jpg 0.819314 0.162992 0.0176936 
venezuela-opposition-protest.jpg 0.17476 0.494041 0.331199 
evm2.jpg 0.279623 0.698173 0.0222038 
10270086-low_res-happy-valley-series-2.jpg 0.115824 0.731766 0.15241 
000_Par7900188-635x357.jpg 0.188376 0.739434 0.0721907 
Screen-Shot-2017-03-25-at-16.11.58-e1490535470223.png 0.104382 0.764827 0.130791 
happy-endings-hulu.jpg 0.00356435 0.181599 0.814837 
Bhadravati.jpg 0.964991 0.0272505 0.00775889 
Future-Islands-by-Tom-Hines-1-low-res.jpg 0.0287392 0.820843 0.150418 
532396-funeral-of-sir-arnold-clark-in-glasgow-on-april-19-2017.jpg 0.254648 0.693469 0.051883 
3607719211.jpg 0.238286 0.559251 0.202463 
150213-F-IZ174-001.JPG 0.0150887 0.933913 0.0509981 
coffee-get-together-1.jpg 0.00154225 0.127458 0.871 
hr2301-1490200581.jpg 0.0165043 0.875407 0.108089 
Protest_20170110_600_855.jpg 0.972577 0.0201606 0.00726245 
Turman-Smith-Sharon-large-family.jpg 0.00268673 0.0530982 0.944215 
_f047ef6c-fd7b-11e6-a3af-7fa15638f741.JPG 0.779724 0.195284 0.024992 
photo-54-790x445.jpg 0.050081 0.543669 0.40625 
web1_IMG_0333-1.jpg 0.0133703 0.2722 0.71443 
02PROTEST-2-master768.jpg 0.223266 0.114233 0.662501 
4532_1453011201_Sai-3.jpg 0.744923 0.171294 0.0837827 
kajol-mother-and-tanisha.jpg 5.40614e-05 0.00781618 0.99213 
45c17db916d9735fb7bac037bf12ab3fe75e4746.jpg 0.0128965 0.175707 0.811396 
514189555.jpg 0.0134531 0.487717 0.49883 
Shraddha_Kapoor_at_the_56th_Idea_Filmfare_Awards_2011.jpg 0.00324599 0.187946 0.808808 
38650987_303.jpg 0.772969 0.0890036 0.138028 
Crichton-reunion-SPN.jpg 0.0152916 0.476089 0.508619 
sjm-mainmarch-0122-216.jpg 0.953943 0.0438398 0.00221731 
c21527.jpg 0.00683938 0.916665 0.0764961 
000_N655P-e1491059261353.jpg 0.912159 0.0559207 0.0319201 
unnamed-1-16.jpg 0.884708 0.103858 0.0114341 
_90574579_mediaitem90574578.jpg 0.913126 0.0382142 0.0486597 
1386595670_UPSC-aspirants.jpg 0.94744 0.0332413 0.0193184 
bb2.jpg 0.00413159 0.276552 0.719317 
PicnicGroup_w.jpg 0.0145424 0.534421 0.451037 
obama-modi-1-pti-L.jpg 0.178108 0.373713 0.448179 
a$_32.JPG 0.00346037 0.0640266 0.932513 
Xconomy_FredHutch_Cancer_Immunotherapy_2017_551.jpg 0.0272209 0.942763 0.0300164 
17BILLCLINTONjp1-master768.jpg 0.214947 0.706791 0.0782628 
montreal-que-february-2-2017-funeral-home-staff-army-t.jpeg 0.0913133 0.721305 0.187382 
RT-NYPD-Police-Funeral-Family-MEM-170711_12x5_1600.jpg 0.476489 0.37778 0.14573 
trump_protest_01202017_rj_4563.jpg 0.820243 0.147333 0.0324232 
826999-AboutUs.png 0.0469311 0.228963 0.724106 
61de861c-eaf2-4e0b-8acb-b693743ff8d5_20170309-BowmanCupTop.jpg 0.0612654 0.342295 0.596439 
BowyDaYL.jpg 0.0777997 0.772281 0.149919 
01112017protest3.jpg 0.92492 0.0667346 0.00834567 
montreal-que-february-3-2017-mourners-arrive-at-the-c1.jpeg 0.26852 0.630988 0.100492 
2015-05-23-12-56-21-crowd-1.jpg 0.700962 0.271912 0.0271257 
1024x1024.jpg 0.625333 0.290091 0.0845756 
60930010-850x510.jpg 0.525906 0.410124 0.0639705 
PAY-Ugly-crowd-scenes.jpg 0.116923 0.789185 0.0938923 
539801-17ph-2017-01-17t144426z1937449562rc18b66d0e40rtrmadp3india-politics.jpg 0.389379 0.390054 0.220567 
1d91b45a06df43e7b7f78ea685b519ea.jpg 0.0209113 0.649793 0.329295 
150607-F-CB366-211.JPG 0.165424 0.628549 0.206027 
10-donald-trump-obamacare-collapse.w710.h473.jpg 0.026458 0.807185 0.166357 
guj-k2oF--621x414@LiveMint.JPG 0.628938 0.331768 0.0392935 
ju-abvp-clash-480.jpg 0.00841163 0.100247 0.891341 
c70caf24-9251-4c93-ab22-ede49a6e3f0d.jpg 0.965441 0.0321891 0.00236992 
screen_shot_2017-01-10_at_7.56.06_pm.jpg 0.837236 0.0648432 0.0979208 
14284910124_0666ace29d_b.jpg 0.000898881 0.045012 0.954089 
paramjit-759.jpg 0.0889744 0.186836 0.724189 
trump-inauguration-pr_ode-2.jpg 0.906512 0.0670699 0.0264185 
relative.jpg 0.00324863 0.122695 0.874056 
170501-dorking-cock-roundabout-ackroyd-and-harvey-3.jpg 0.742541 0.136821 0.120638 
signs_hazara.jpg 0.782726 0.188321 0.0289535 
nup_177970_2442-h_2017.jpg 0.00110544 0.0759891 0.922905 
20161008_173341.jpg 0.000142256 0.0182114 0.981646 
8_A-group-snap.jpg 0.0538649 0.715193 0.230942 
sasa-group.jpg 0.0188484 0.761949 0.219203 
_234322da-2ccd-11e7-b189-41b029cdb6ad.jpg 0.091991 0.650185 0.257824 
screen_shot_2017-01-30_at_10.09.36_am.png 0.940713 0.0559999 0.00328686 
IMG_3271-GCAA-picnic-group-1024x658.jpg 0.0895216 0.609615 0.300863 
fx4JeykdTfOydgMyCXsA2qHEfgtC3hwf.jpg 0.0043594 0.438123 0.557518 
cover4_072816112433.jpg 0.32573 0.291023 0.383247 
group_6_2016_3-001.jpg 0.00588783 0.151428 0.842684 
Conference_attendees_(15217234587).jpg 0.0714011 0.839831 0.0887678 
Ahmed-Kathrada-funeral-6.jpg 0.118919 0.734142 0.146939 
Picnic-protest-targets-wo-014.jpg 0.00790184 0.179451 0.812647 
2017-05-02T131113Z_1_LYNXMPED410S7_RTROPTP_2_INDIA-PAKISTAN.JPG 0.654625 0.286344 0.0590301 
staff-assembly-picnic_750x300.jpg 0.0084265 0.0408578 0.950716 
vlcsnap-2017-03-27-17h18m06s130-1490618849.png 0.32595 0.447286 0.226763 
mealtime_14.jpg 0.0219587 0.7435 0.234541 
DTBK_News_38th-Anniversary-of-the-Victory-of-the-Islamic-Revolution-in-Iran-442x276.jpg 0.0182293 0.679017 0.302754 
xfarmers-protest-06-1496741343.jpg.pagespeed.ic.hK2gbUbavp.jpg 0.824164 0.0682608 0.107575 
16999249-10155250398274448-5662713975774643077-n_orig.jpg 0.00107246 0.0218692 0.977058 
170209-charles-oakley-game-feature.jpg 0.494429 0.43038 0.0751916 
text278_1.jpg 0.0430199 0.291613 0.665367 
AP-may-day-protests-3-jt-170501_12x5_1600.jpg 0.875437 0.0490669 0.0754961 
_93730762_037414978-1.jpg 0.937042 0.0455588 0.0173989 
1-008.jpg 0.00600844 0.3531 0.640892 
Toni-L.-SandysThe-Washington-Post-1024x693.jpg 0.207296 0.272991 0.519712 
GTY-womens-march-philadelphia-jt-170121_4x3_992.jpg 0.981709 0.0165916 0.00169991 
a61545dd46784f18a83e925534f90321_18.jpg 0.288058 0.0401922 0.67175 
161111-missouri-trump-protest-feature.jpg 0.801858 0.171247 0.0268945 
_85574654_029083474-1.jpg 0.00625484 0.54502 0.448725 
protest-002.jpg 0.873118 0.044269 0.0826127 
2017-05-01T191657Z_104903429_RC150E1FFCA0_RTRMADP_3_MAY-DAY-USA-PROTESTS.jpg 0.931414 0.0631665 0.00541964 
1_sad.jpg 0.0520412 0.345734 0.602225 
2017-03-26T092956Z_182558631_RC16E645CC50_RTRMADP_3_RUSSIA-PROTESTS.jpg 0.938387 0.0531641 0.00844861 
cosplay_picnic_group_shot_by_kellyjane.jpg 0.104328 0.791399 0.104272 
Wagner3.jpg 0.0103896 0.459076 0.530535 
8597372-3x2-940x627.jpg 0.230274 0.596164 0.173562 
27MAY17-PKG-PR-PTI-MPA-1500.jpg 0.899602 0.0820154 0.0183825 
H16_Puerto_Rico_Student_Protest.jpg 0.695273 0.247674 0.0570531 
app=portal&sig=51bb5d0af651d7aec4a10085af72a45b1861319cd3f8649845ba7095250d4d73.jpg 0.0802208 0.85722 0.0625591 
Moriarity Picnic1983 pic 2 PH.jpg 0.0242806 0.254766 0.720953 
gang-2.jpg 0.355979 0.47332 0.170701 
Student-protest.png 0.981146 0.0140987 0.00475509 
1f913f304d4265684fea960106d1132a_when-families-live-together_featuredImage.jpg 0.00031168 0.0257138 0.973975 
26Grillo2-superJumbo.jpg 0.408583 0.5058 0.0856171 
Bangladesh_May_Day_S.jpg 0.979315 0.00990725 0.0107779 
Vibrant-Gujarat-2017-Mahatma-Mandir.jpg 0.0162073 0.67462 0.309173 
58c95d0ca8596.jpg 0.0163462 0.474428 0.509226 
494540_home_hero.jpg 0.0108096 0.177123 0.812067 
greenberg_1-020515.jpg 0.705227 0.255189 0.0395834 
obama-modi-.jpg 0.00628153 0.150697 0.843021 
P113011LJ-0131.jpg 0.0058546 0.892419 0.101727 
17-jadavpur-university-protest6.jpg 0.994051 0.00550607 0.000442593 
trump-protest-1.jpg 0.814426 0.135144 0.0504302 
PIC.13.-2019-AFCON-QUALIFIER-BETWEEN-SUPER-EAGLES-AND-BAFANA-BAFANA-IN-UYO.jpg 0.0291054 0.435958 0.534937 
20170128_115635.jpg 0.16827 0.435487 0.396243 
A888F8EB-78C7-4AA1-A4CD-0B50FA474FFE_cx0_cy7_cw0_w1023_r1_s.jpg 0.311736 0.635848 0.052416 
4331615770_2a00ea4a12_o.jpg 0.0058438 0.980403 0.013753 
2174e0486a539d96740fc3abf8032de2.jpg 0.646355 0.302086 0.0515582 
2015_4$largeimg03_Apr_2015_010836920.jpg 0.0359266 0.25646 0.707613 
Jagapathi_Babu_with_Shruti_Haasan_at_Filmfare_Awards_2014.jpg 0.0041713 0.105934 0.889895 
dem-2016-clinton.jpeg25-1280x960.jpg 0.00733759 0.0775475 0.915115 
girls_weekend.jpg 0.00349528 0.20795 0.788555 
Picnic-Group-Photo.jpg 0.0424792 0.323463 0.634057 
April_2017.jpg 0.289073 0.461412 0.249515 
jk-july21.jpg 0.179722 0.72793 0.0923473 
panchkula-manimajra-hindustan-members-victim-cremation-mother_ff56e3fe-34d6-11e7-b30b-76e7402dac55.jpg 0.662833 0.245487 0.0916799 
03-the-edge-and-bono-of-u2-2016-iheartradio-fest-bb9-2017-billboard-1548.jpg 0.0400338 0.587933 0.372033 
Audience members peruse the graduation booklet.jpg 0.64477 0.3101 0.0451296 
44b0004f109b4283b923f1037cf6e721_8.jpg 0.946367 0.0350024 0.0186301 
dannyandthechampions-420x260.jpg 0.255971 0.474392 0.269637 
State_funeral_of_2017_Tehran_attacks_victims_in_behind_of_the_Parliament_of_Iran_2017-06-09_04.jpg 0.697463 0.189904 0.112633 
Screen-Shot-2017-03-24-at-9.51.21-AM.png 0.0125582 0.150073 0.837369 
0519-0908-0620-4302_group_of_people_at_a_congressional_picnic_on_the_south_lawn_of_the_white_house_o.jpg 0.00232698 0.0346238 0.963049 
TrumpInaugurationProtest_012017_Web_05.jpg 0.306176 0.676937 0.0168863 
Malayil+Gathering+2014-01.png 0.0823273 0.881162 0.0365112 
600x400-student-group.jpg 0.0102292 0.0328891 0.956882 
122611181.jpg 0.00354256 0.0823928 0.914065 
19985878_138352320079967_8630511351363534848_n.jpg 0.00605533 0.0929875 0.900957 
abvp-1490864283.png 0.88596 0.09209 0.0219496 
512744054.jpg 0.00400068 0.0711523 0.924847 
1238158-family-group-relaxing-outdoors-in-autumn-landscape.jpg 0.000467155 0.0122224 0.987311 
File-Jul-11-10-23-53-AM.jpeg 0.0442977 0.0983423 0.85736 
_93340241_mediaitem93340237.jpg 0.551912 0.400821 0.0472671 
1565078407_ba15a6f5bc_b.jpg 0.00446818 0.409167 0.586365 
Chesnut Family_full.jpeg 0.0207759 0.326212 0.653012 
Indian-Ocean-Rim-2015.jpg 0.0109855 0.539329 0.449686 
tutBdEs.jpg 0.0529356 0.603605 0.343459 
Modi-7_20170110_600_855.jpg 0.0164025 0.801307 0.18229 
Australia_-_Ireland_15-11-2006-1.jpg 0.01304 0.337116 0.649844 
C4sivdNW8AIzD9e.jpg 0.272003 0.536692 0.191305 
picnic_slide-51.jpg 0.0578925 0.526486 0.415621 
1054298199.jpg 0.0839418 0.738073 0.177985 
110517-F-3646G-1646.JPG 0.128988 0.621405 0.249606 
mithivirdi.jpg 0.123003 0.66213 0.214867 
1989-0600a06-Group-Picnic-NS.JPG 0.0157343 0.474577 0.509688 
vdodara-ptotest-1.jpg 0.0184302 0.0735728 0.907997 
la-fg-mexico-priest-funeral-20160921-snap.jpg 0.665302 0.23341 0.101288 
belarus_protest_2017_ok.jpg 0.977417 0.0145227 0.00806069 
IMG_9205-1024x917.jpg 0.00528968 0.300861 0.69385 
GMH101399691_hd.jpg 0.228295 0.716587 0.0551183 
proclamation-photo.jpg 0.0137548 0.57087 0.415375 
cct-berktrump-0305-19.jpg 0.320404 0.64427 0.0353263 
2017May4_DSC_4070.jpg 0.116783 0.852691 0.0305255 
Pankaj_Jal_and_Ghasiram_Mishra_during_25th_Odisha_State_Film_Awards_02.jpg 0.032089 0.868916 0.0989946 
Group-photo.jpg 0.0142314 0.282469 0.703299 
151027-F-NE600-009.JPG 0.025988 0.445071 0.528941 
PAY-Rotherham-United-v-Millwall-001.jpg 0.497257 0.445916 0.0568278 
17-convocation_july_2011.jpg 0.0446219 0.879025 0.0763537 
200280664-001-three-generation-family-sitting-at-a-gettyimages.jpg 0.00456679 0.209676 0.785757 
djLvW50BZDwrWrUNwI8jYc9fAHoF9oHK.jpg 0.0188579 0.89764 0.0835027 
kids-group-shot.jpg 0.000290428 0.0268139 0.972896 
2017_4$largeimg28_Apr_2017_122418180.jpg 0.3255 0.593462 0.0810381 
p04q9c3g.jpg 0.899198 0.0955506 0.00525139 
2017_Chad_Preschool_Iridimi_JRS_McPherson.jpg 0.0569292 0.566605 0.376466 
Kashmir --621x414.jpg 0.971354 0.0260869 0.00255912 
_85199690_img_8328.jpg 0.326032 0.0578399 0.616128 
dc_happy_3__large.jpg 0.0103573 0.158162 0.831481 
gujarat-kObG--621x414@LiveMint.jpg 0.870146 0.0939554 0.0358989 
hHDIPAC5wI4GCcukLAf7KmvqYI1SbZxI.jpg 0.0861125 0.675604 0.238284 
813878376.0.jpg 0.0212134 0.45503 0.523756 
occupy-wallstreet-police-crowd.jpg 0.876634 0.0868749 0.0364907 
khedut1.jpg 0.830836 0.14496 0.0242043 
133705.png 0.0249416 0.131731 0.843327 
dc-Cover-9r6oh7m4dmbgigd4amp3i0ipp2-20160816195008.Medi.jpeg 0.909818 0.0469053 0.0432765 
la-me-ln-protest-trump-20161109.jpg 0.283709 0.118442 0.597849 
32760699240_163860dcb4_b.jpg 0.00279387 0.0918886 0.905318 
defense-large.JPG 0.486838 0.474112 0.0390492 
1438A509-560B-455C-A77E-959783B9FE39_w1023_s_s.jpg 0.901252 0.0889724 0.00977564 
ImageShufflerImage_10096582.jpg 0.029024 0.163178 0.807798 
2016-family-getaway-464x358.jpg 0.00361029 0.0303658 0.966024 
trump-bpc-protest-2017-02-02-v02VILPRINT_WEBWEB-600x450.jpg 0.986926 0.0106025 0.00247149 
PFG05 Protesta News rk.jpg 0.951551 0.0325841 0.0158653 
IMG_0114.jpg 0.00782126 0.169182 0.822997 
26918316641_0cd8127037_b.jpg 0.199197 0.691766 0.109037 
2017-03-12T033533Z_1_LYNXMPED2B03L_RTROPTP_3_HAITI-PREVAL.jpg 0.132617 0.640352 0.227031 
xrsz_636022408689444546-1846983907_family-party1-805x659.jpg.pagespeed.ic.xopC0vDzLR.jpg 0.0821273 0.710289 0.207584 
612255_thump.jpg 0.0502382 0.721298 0.228464 
550e6e478db941eeb73aece5d1e3d913_18.jpg 0.956067 0.02176 0.0221726 
broken-social-scene-reunion-album-new-update.png 0.0285552 0.194838 0.776607 
553203-abvp3.jpg 0.940423 0.0255338 0.0340428 
3.jpg 0.0125211 0.586011 0.401468 
100_4706.jpg 0.00293136 0.311413 0.685656 
sjm-mayday-0502-071.jpg 0.852446 0.100862 0.0466924 
2013_10_0.jpg 0.00434941 0.0510412 0.944609 
AZ_Oikocredit_La+Paz+-+Bolivia2014_468.jpg 0.0300879 0.537974 0.431938 
3690581440001_5291784762001_image-1485015224745.jpg 0.353747 0.534211 0.112041 
health-politicians-people-featured.jpg 0.00281743 0.955417 0.0417656 
gujarat-women-protest.jpg 0.451679 0.356059 0.192262 
15495660881_aa7cec7530.jpg 0.343845 0.604164 0.0519906 
chelsea-handler-charlize-theron-womens-march-2017-billboard-1548.jpg 0.980903 0.0116835 0.0074135 
IMG_3807.jpg 0.00142878 0.0539549 0.944616 
3b3982cdc0864978d1ddda2ab1f6315e.jpg 0.096737 0.809667 0.0935963 
14townhall1-master768.jpg 0.110385 0.868189 0.0214258 
15247912622_c9f225ebda_b.jpg 0.0102255 0.145839 0.843935 
famreunion-1.jpg 0.00204698 0.151685 0.846268 
2474_d047_00007_rv2_crop_s_-_embed_2017.jpg 0.0644809 0.871017 0.0645025 
026jan17-kjsdbf-30.jpg 0.328257 0.551685 0.120058 
d3b3799d6611d677944f5f86a500beb3_L.jpg 0.00865883 0.227432 0.763909 
ap_hillary_clinton_ss_presidential_campaign_lpl_121024_9x7_1600.jpg 0.0484175 0.678454 0.273128 
Protest-1487765300.jpg 0.939618 0.03787 0.0225123 
2016_Convocation_Spring.jpg 0.06722 0.318922 0.613858 
Protests_in_Jantar_Mantar,_Delhi_against_the_ban_on_Jallikattu.jpg 0.599222 0.374167 0.0266112 
Houston-JDRF-Promise-Ball-Havana-Nights-May-2017-Drew-Dougherty-Vita-Dougherty-Paige-Fass-Richard-Fass_084629.jpg 6.59048e-05 0.0139016 0.986032 
592169-gsebhscresults2017.jpg 0.00200135 0.0413644 0.956634 
800.jpg 0.180279 0.800241 0.0194795 
7_1488097440.jpg 0.205794 0.719967 0.0742388 
1a280bc1403b035157b08f59880645d1.jpg 0.149889 0.433777 0.416335 
WhatsApp-Image-2017-01-05-at-3.02.19-PM.jpeg 0.292601 0.396569 0.31083 
Quirk_Picnic_Group.jpg 0.0926342 0.665278 0.242088 
Kansas5.jpg 0.940995 0.0433505 0.0156541 
family-reunion-photo-ideas-get-playful-1024x683.jpg 6.64065e-05 0.0059055 0.994028 
6860876699_6609551084_o.jpg 0.00507427 0.612738 0.382187 
attrocities-on-Dalit-Reu.jpg 0.312761 0.407874 0.279365 
170211-N-DE005-002.JPG 0.0111562 0.268909 0.719935 
patel-480.jpg 0.276142 0.648155 0.0757033 
36-NYUSPS-Grad-RadioCity-1999.jpg 0.00245314 0.0505118 0.947035 
81-atxl1.jpg 0.365511 0.379498 0.254991 
venez-slide-MD8K-superJumbo.jpg 0.953227 0.0295097 0.0172632 
920x920.jpg 0.981969 0.0137742 0.00425695 
Jallikattu-Protest-Law-Tamil-Nadu.jpg 0.610509 0.19625 0.193241 
179939_0l2bxretv3xcz5wvv.JPG 0.0104467 0.224124 0.765429 
27181256590_ac7b4cbb38_z.jpg 3.12248e-05 0.00320244 0.996766 
IMG_7052-750x500.jpg 0.00283913 0.134697 0.862464 
uk_henderson_518.jpg 0.0306349 0.449304 0.520061 
bijnor-1491998946.jpg 0.958466 0.0337065 0.0078275 
4.jpg 0.0206832 0.937665 0.0416518 
Visita_a_Israel_para_el_Funeral_de_Estado_de_Shimon_Peres_29394201744.jpg 0.189143 0.736729 0.0741282 
25-1422165831-obama-michelle-modi-604.jpg 0.00177457 0.0734375 0.924788 
PSX_20170324_145622.jpg 0.995539 0.00290203 0.00155909 
dalits-protest.jpg 0.988342 0.00980744 0.00185008 
ZacBrownBand.jpg 0.299623 0.554256 0.146121 
dalitinside220716mb_072216065908.jpg 0.949957 0.0434725 0.00657052 
bill-hillary-clinton.jpg 0.121678 0.63563 0.242693 
familymeal.jpg 0.00189287 0.109309 0.888798 
people-in-large-numbers-stage-a-demonstration-in-494187.jpg 0.98674 0.00682231 0.00643722 
rtd_funeral_murder_denver_02062017_rj_11596.jpg 0.260683 0.553725 0.185591 
bill-clinton-hillary-clinton-house-clinton-finished-c-r.jpg 0.0105501 0.167717 0.821733 
665003303001_5338344441001_5338243172001-vs.jpg 0.182551 0.53696 0.280489 
IMG_6614.jpg 0.0076766 0.700679 0.291644 
the_group_.jpg 0.0597461 0.765271 0.174983 
572478-parents-protest-050617.jpg 0.0744901 0.64138 0.28413 
gettyimages-632958482_wide-41c5f09b3477a386385ec500cc739b83088c0345-s900-c85.jpg 0.95256 0.0290466 0.0183933 
imrs.php.jpg 0.00337836 0.128305 0.868317 
PROTEST-AT-AIRPORT-ROAD.jpg 0.974092 0.0224563 0.003452 
article-2707754-200B094000000578-129_634x427.jpg 0.488741 0.408345 0.102914 
140321-F-DY859-080.JPG 0.0391074 0.804588 0.156305 
ABVP-AISA-clash-at-DU-over-JNU.jpg 0.770087 0.0949073 0.135006 
2017-Stampede-Royalty-1.jpg 0.012923 0.244535 0.742542 
Caracas-demostrators.jpg 0.839633 0.0902961 0.070071 
ShowImage.ashx.jpg 0.560722 0.369809 0.0694683 
404_11_03_54_Ek_Din_ka_Bagicha_garden_dedicated_to_people_H@@IGHT_661_W@@IDTH_990.jpg 0.0837117 0.301701 0.614588 
KZk8qtcysWMBAXKScsLzHAXaSxLVGW6p.jpg 0.00357744 0.821277 0.175146 
140923-F-ZU869-024.JPG 0.00575467 0.189284 0.804962 
Picnic+Group.jpg 0.0107619 0.461652 0.527586 
5754_10208305674982862_8907582667511599708_n.jpg 0.00435418 0.0117569 0.983889 
635667014172366740-MSUConvocation-2.jpg 0.015912 0.129541 0.854547 
Secretary_Kerry_Meets_With_King_Abdullah_II_Before_World_Economic_Forum_in_Jordan_(2).jpg 0.0612489 0.829213 0.109538 
gallery-1486223357-soaps-hollyoaks-celine-mcqueen-funeral-5-28277217733884984094800480747477742727020747.jpg 0.046054 0.91671 0.0372363 
gp4.jpg 0.0135622 0.37111 0.615328 
1008981-image-1449942945-127-640x480.JPG 0.217991 0.0917101 0.690299 
ap_17042685774122-b7a047cf716710b4199778b1759af6d4c7756f7e-s900-c85.jpg 0.976142 0.0206297 0.00322873 
maxresdefault-004.jpg 0.14836 0.773794 0.0778461 
rahul759.jpg 0.95239 0.0415598 0.00605064 
CK5A0602_v4.jpg 0.0534111 0.599104 0.347485 
abvp_protest20140812_600_855.jpg 0.498445 0.211597 0.289959 
21-1484906911.jpg 0.558793 0.421072 0.0201357 
url= cmsmedia a4 552336df5c00fd1ccaa455a5be4bbc tag reuters.com,2017 newsml_LYNXMPED4M0BL 12017-05-23T051635Z_1_LYNXMPED4M0BL_RTROPTP_3_JAPAN-POLITICS-CONSPIRACY.JPG 0.919408 0.0608918 0.0197007 
1024x1024-003.jpg 0.126934 0.179593 0.693473 
group_6_2016_3.jpg 0.00588783 0.151428 0.842684 
2011Fall_Convocation.jpg 0.0397878 0.297579 0.662634 
chandigarh-university-hindustan-students-chandigarh-february-students_17bc9f94-fcfe-11e6-905d-7be79ae01fbf.JPG 0.865124 0.111899 0.0229771 
eva-8-13-picnic.jpg 0.0162534 0.50645 0.477296 
tickets.jpg 0.0318139 0.516572 0.451614 
24walk2.jpg 0.952219 0.0373411 0.0104398 
03Clinton-web1-master768.jpg 0.103116 0.170857 0.726027 
groupphoto.jpg 0.0111238 0.162043 0.826834 
Alan-Jackson-Mom-Ruth.jpg 0.012549 0.111143 0.876308 
cricket-ct-2017-ind-sri_2781188c-4ce1-11e7-942b-1b07039b2a8c.jpg 0.168073 0.646071 0.185856 
abvp-activists-protest_cf314e34-fef4-11e6-97dc-08322d33dfd3.jpg 0.850475 0.0579582 0.0915668 
DSC_0007.jpg 0.51046 0.206423 0.283118 
08bbdc5b37ca47d0975834576141a751.jpg 0.32438 0.579651 0.0959688 
Kalburgi.jpg 0.10454 0.617099 0.278361 
file.jpg 0.00133848 0.0277769 0.970885 
59276225.jpg 0.900493 0.0891989 0.0103083 
Rockingbirds-600x400.jpg 0.130212 0.693705 0.176083 
gettyimages-694264442.jpg 0.016036 0.189429 0.794535 
cq5dam.web.400.400.jpeg 0.0113896 0.278672 0.709938 
maxresdefault-005.jpg 0.0928995 0.277839 0.629261 
pu-reopens-four-days-after-student-clash-5b59d010e5570cf28a2a546f16ec1bac.png 0.910394 0.0774828 0.0121237 
Stakeholder_Dialog_Studenten_1col_Mailand_2017.jpg 0.0996884 0.672822 0.227489 
_92291916_obamaclinton.jpg 0.00659879 0.0611924 0.932209 
1_maxresdefault-005.jpg 0.617806 0.354875 0.0273188 
Silbiger_protests-2-1140x760.jpg 0.953056 0.0345335 0.0124103 
family-relationship-building.jpg 0.0107727 0.0921424 0.897085 
160807-Z-PW099-001.jpg 0.00934452 0.866208 0.124448 
29_sld1.jpg 0.00683787 0.4481 0.545062 
LG001-boho-picnic-wedding-charlene-schreuder.jpg 0.00583958 0.10597 0.888191 
314ab4de-40ab-4805-9fad-bdbfd3ac5114.jpg 0.760512 0.204458 0.0350305 
bharuch-759.jpg 0.5234 0.217981 0.258619 
ap_ap-photo1501.jpg 0.69575 0.278125 0.0261253 
por24.jpg 0.00292681 0.0865246 0.910549 
wtfwedblog-580.jpg 0.00325217 0.0642264 0.932521 
2F9C14C100000578-3374166-image-a-20_1451068601081.jpg 0.163654 0.582999 0.253347 
dalit+arrest-002.jpg 0.544032 0.419211 0.0367569 
d7ea903b24244ee0.jpg 0.0548202 0.831884 0.113296 
screen shot 2017-02-27 at 143429.png 0.0273794 0.269906 0.702715 
Passing-of-the-Gavel-Photo.jpg 0.00207102 0.0832608 0.914668 
unnamed-3.png 0.994105 0.0053894 0.000505874 
JNUabvp_B_190216.jpg 0.969147 0.0218226 0.00903088 
32760812930_0a979ae340_b.jpg 0.0034724 0.114757 0.88177 
x240-l7c.jpg 0.0979385 0.273488 0.628573 
Wikimedia_Diversity_Conference_2013_22.jpg 0.0346813 0.841581 0.123737 
Group2.jpg 0.00136822 0.0834485 0.915183 
12-angry-men-anniversary.jpg 0.0964802 0.604595 0.298925 
7F10A9D4-1A71-4ECC-BF99-5942EAB4ACFD_w1023_s_s.jpg 0.082292 0.881796 0.0359123 
849x493q70Kgalema-on-Kathy.jpg 0.418762 0.549018 0.0322195 
bollywood-actor-ranjeet-poet-gulzar-filmmaker-subhash-ghai-actor-picture-id674277358.jpg 0.745967 0.232092 0.0219407 
598522-cbse-1.jpg 0.0021952 0.0536671 0.944138 
EV2017_GE_MR089.jpg 0.173337 0.604524 0.222138 
screen shot 2017-02-23 at 164431.png 0.0520597 0.30206 0.64588 
calgary-gaza-protest.jpg 0.984704 0.0129085 0.00238791 
premier-stadium-hindustan-enjoying-gujarat-cricket-between_f9c1a044-3334-11e7-9a19-4de5eae5ad18.jpg 0.122685 0.0270582 0.850257 
protests-erupt-jallikattu-tn-to-lift-ban_a2f1ecb0-ddb2-11e6-a538-54bd197a5a1b.jpg 0.20868 0.0774064 0.713913 
Untitled56.jpg 0.0363778 0.63895 0.324672 
manny-pacquiao.png 0.00917806 0.318684 0.672138 
family-get-together-002_1.png 0.00999769 0.0917085 0.898294 
DSC01503-1.jpg 0.00868429 0.928654 0.0626613 
f0dd5948ac524e44beedfd908260cbf1-780x550.jpg 0.100592 0.82965 0.069758 
36-convocation_july_2011.jpg 0.0499118 0.270765 0.679323 
DAUrF7KXgAIWax2-696x464.jpg 0.0163665 0.476924 0.50671 
obamatribes111213.jpg 0.00731484 0.884812 0.107873 
8023269553_55d1dd4244_z.jpg 0.00110824 0.0588613 0.94003 
xxUbSXvItpZAfgHo2bSTvO2e0wVur22T.jpg 0.0110333 0.905749 0.0832178 
VASH111-621_2017_221057_Super_Portrait.jpg 0.842572 0.137356 0.0200718 
20170306_151622_resized.jpg 0.0352456 0.932612 0.032142 
15-1363328802-1.jpg 0.265312 0.624372 0.110316 
venezuela-marcha-salud-5.jpg 0.961227 0.0304217 0.00835115 
jadav_jpg_2117550g.jpg 0.949529 0.0288932 0.0215782 
1493796102_5.jpg 0.0462624 0.419053 0.534685 
126901011.jpg 0.0125246 0.413973 0.573502 
russia-protest-ap-img.jpg 0.809619 0.0772069 0.113174 
1280_kim_kardashian_north_obama_twitter.jpg 0.00474324 0.118616 0.876641 
IMG_3701-320x320.jpg 0.00624541 0.11661 0.877144 
hazara.jpg.size.custom.crop.1086x754.jpg 0.941351 0.0331668 0.0254819 
gettyimages-610822636-1.jpg 0.0336922 0.559308 0.407 
27prabhas1.jpg 0.0139248 0.237448 0.748627 
cosplay_picnic_group_photo_2_by_tomoyo_hime.jpg 0.0133086 0.137776 0.848916 
maxresdefault.jpg 0.983116 0.0148983 0.00198532 
Pankaj Vohra- Delhi BJP.jpg 0.926703 0.0160487 0.057248 
luka-modric-cropped_12f31sbu7w9c01bn055lcq7t4e.jpg 0.0182341 0.343637 0.638128 
unnamed-4.jpg 0.253298 0.612468 0.134234 
_95377344_mediaitem95372087.jpg 0.455604 0.421758 0.122638 
family-get-together-pic-1.jpg 0.0181729 0.789315 0.192512 
Karabo-13.jpg 0.458309 0.305444 0.236247 
venezuela-economy-crisis-currency_94f35aa8-c41d-11e6-913d-826c0833a15d.jpg 0.938765 0.0519141 0.00932116 
up-migrants_650x400_71488438964.jpg 0.218226 0.693493 0.0882818 
trump-rally-violence-07.jpg 0.580339 0.228737 0.190923 
2017-03-asia-philippines-photo-06.jpg 0.220398 0.698255 0.0813472 
bansal-murder-1484303219.jpg 0.26483 0.62242 0.11275 
04-03-2017_01_may1_presser_32bjseiu-670x447.jpg 0.243437 0.725154 0.0314091 
x-factor-tour-final.jpg 0.0868007 0.133478 0.779722 
women-congress-modi-mother-4-1.jpg 0.300827 0.496471 0.202701 
qicrF5ahdcfbj.jpg 0.965677 0.0172081 0.0171151 
thela-4-1484920965.jpg 0.653218 0.335807 0.0109747 
6a0120a5d7e374970c0133ecf8360a970b.jpg 0.00559981 0.0932442 0.901156 
hillary-clinton-911-1024-1.jpg 0.179167 0.718609 0.102223 
2395b_chinese_new_year_dinner_promotion_singapore_2013_W020121115643942185219-714864.jpg 0.00144053 0.373554 0.625005 
Group-shot-Climate-Picnic-for-web.jpg 0.0648695 0.287101 0.64803 
wpid568-07-25-2009-Swanstrom-Family-Reunion-7304-D700-090725-Edit.jpg 0.00472603 0.132401 0.862873 
10mohan3-inyt-master675.jpg 0.0234088 0.910205 0.0663864 
picnic-group-resized.jpg 0.013142 0.177905 0.808953 
170121135655-womens-march-marseille-exlarge-169.jpg 0.972505 0.0221444 0.00535054 
42E2879D-35CB-4BE8-A403-71574571A0D9_w1023_r1_s.jpg 0.0978462 0.543481 0.358672 
7355bd9cb383492aa55c4884984dca67_18.jpg 0.868329 0.0531129 0.0785586 
28_000_Was3750555.jpg 0.00749263 0.130938 0.86157 
rAHAxs9uwLbUDYsKsgpe6E1Nd2gG1Uyb.jpg 0.020371 0.878264 0.101365 
05012017_westlakepromayday_175012-1020x728.jpg 0.875246 0.104884 0.0198701 
_34A5076aaaaaaaaaaaaaaa.jpg 0.116389 0.721372 0.162239 
09ukraine2-blog480.jpg 0.60248 0.357939 0.0395814 
unhappy-people1.jpg 0.123501 0.716383 0.160115 
Great-softball-with-Okotoks-On-Deck-just-steps-away-from-Riverbend-Campground-Okotoks1.jpg 0.0302077 0.331075 0.638717 
beating-froome-team-sky-2017-tour-de-france.jpg 0.104946 0.346054 0.549 
Gujarat-Ranji-celebration-PTI.jpg 0.136837 0.238922 0.62424 
TSWH-Pic.jpg 0.0301537 0.43203 0.537816 
j-k-protests_660_072013022310.jpg 0.973698 0.0207037 0.00559846 
H03_Sit_In.jpg 0.832449 0.128016 0.0395354 
Nurse-protest_20170110_600_855.jpg 0.783261 0.0732253 0.143514 
2017-Stampede-Royalty-2.jpg 0.0012443 0.0332544 0.965501 
16corpsehotel-1-superJumbo.jpg 0.294102 0.644768 0.0611297 
2623647402.jpg 0.0345307 0.62143 0.344039 
grp_pic.jpg 0.181329 0.163237 0.655435 
stfff-group-at-picnic2.jpg 0.00188504 0.133527 0.864588 
protest3.jpg 0.943625 0.0489878 0.00738764 
_middle_120916VballvsOSU_15.jpg 0.0346342 0.252692 0.712674 
557330-jat-protest-031717.jpg 0.847556 0.0888767 0.063567 
100826-F-6063W-010.JPG 0.132543 0.661506 0.205951 
ezra.png 0.0961168 0.363795 0.540088 
1667276975.jpg 0.932117 0.057566 0.0103172 
2-1486223738.jpg 0.874445 0.0513066 0.0742483 
042917 NRA Protests 029.JPG 0.98293 0.0165804 0.000489961 
screen-shot-2017-02-08-at-9-08-28-pm.png 0.15242 0.69023 0.157351 
Hu_Jintao_and_Barack_Obama_2009.jpg 0.0451416 0.846346 0.108512 
YapLeeHua-14.jpg 0.000553414 0.0206227 0.978824 
30VALLEY2-master768.jpg 0.750857 0.230869 0.0182737 
Former-Campers...Current-staff.jpg 0.0237257 0.213848 0.762427 
gujarat-riot-victims-pucl-pti.jpg 0.964824 0.0303551 0.00482125 
2017A0119.jpg 0.0785626 0.365135 0.556302 
ny4bc7hnrqtd3lmyc9ow.jpg 0.652165 0.213919 0.133916 
acting-class-555x705.jpg 0.0987408 0.176303 0.724956 
DSC03858.jpg 0.0123674 0.140633 0.847 
maxresdefault-003.jpg 0.0501684 0.214748 0.735084 
1997_Convocation.jpg 0.117443 0.628174 0.254384 
2014-Church-Picnic-017.JPG 0.0286554 0.686401 0.284944 
riot_police_confront_protesters_near_the_bank_of_e_8076680694.jpg 0.825631 0.153061 0.0213079 
DSC_5778.jpg 0.207916 0.608847 0.183238 
gujarat-chief-minister-anandiben-patel-meets-the-437815.jpg 0.0814546 0.846265 0.0722809 
INDIA_-_0721_-_Proteste_Gujarat.jpg 0.942085 0.0231537 0.0347617 
isis-cover.jpg 0.485544 0.213938 0.300518 
104329337-GettyImages-632208828.530x298.jpg 0.261125 0.665501 0.0733742 
DSC_9018.jpg 0.0180055 0.837373 0.144621 
Family-Reunion.jpg 0.0157129 0.759145 0.225142 
sharab-bandi-1490118484.jpg 0.398571 0.369242 0.232186 
23rohith3.jpg 0.956497 0.0351341 0.00836907 
actoras-funeral-crematorium-prodip-their-oshiwara-respects_b0bc5e7e-3bcd-11e7-8e2c-04c6be70fea0.JPG 0.064999 0.859382 0.0756191 
00H2OZ-30744284.jpg 0.00574411 0.316377 0.677879 
GFG10BR34.5-1.jpg 0.000681303 0.0148384 0.98448 
dalits11.jpg 0.121631 0.0955433 0.782826 
gettyimages-632302308.jpg 0.692354 0.172798 0.134848 
apistanislausHappy-Friendsgiving-fam-Thanks-to-everyone-who-came-out-Congrats-to-our-new-board-members.jpg 0.00739198 0.143471 0.849137 
jallikattu-protest.jpg 0.869038 0.112161 0.0188009 
index.php-001.jpg 0.00971967 0.759593 0.230688 
13193432-low_res-eastenders-april-june-2017.jpg 0.0118299 0.827783 0.160387 
85f62c5756e64e5c8bc5a153731fd8c0.jpg 0.0181147 0.144572 0.837313 
chandigarh-university-hindustan-students-chandigarh-february-students_fa8d1da0-fd79-11e6-a3af-7fa15638f741.JPG 0.929518 0.0627766 0.00770574 
3CCF40EC00000578-4189578-image-a-43_1486155477355.jpg 0.304584 0.534285 0.161131 
people-participate-in-a-tax-day-protest-on-april-15-2017-in-new-york-picture-id668894156.jpg 0.991539 0.00809102 0.000370287 
